0.9938
0.9878
0.9768
0.9566
0.9259
0.9978
0.9956
0.9911
0.9834
0.9679
0.9778
0.9597
0.9296
0.8806
0.8228
0.9989
0.9978
0.9956
0.9919
0.9836
0.9976
0.9952
0.9854
0.9591
0.8980
0.9944
0.9880
0.9767
0.9581
0.9231
0.9915
0.9779
0.9639
0.9315
0.8665
0.9933
0.9804
0.9475
0.8684
0.7285
0.9903
0.9806
0.9496
0.8886
0.7492
0.9969
0.9927
0.9757
0.9133
0.8148
0.9956
0.9890
0.9745
0.9137
0.7307
0.9857
0.9835
0.9595
0.9302
0.9038
0.9957
0.9466
0.8925
0.8786
0.9037
0.9917
0.9894
0.9688
0.9556
0.9222
0.9256
0.9272
0.9346
0.9449
0.9654
0.9999
0.9997
0.9980
0.9982
0.9864
0.9961
0.9878
0.9723
0.9516
0.8680
0.9984
0.9967
0.9920
0.9787
0.9661
0.9944
0.9895
0.9802
0.9644
0.9375
0.9975
0.9947
0.9885
0.9701
0.9233
0.9894
0.9787
0.9587
0.9238
0.8743
0.9921
0.9811
0.9481
0.9288
0.8010
0.9964
0.9893
0.9814
0.9622
0.8180
0.9927
0.9827
0.9571
0.8877
0.7153
0.9918
0.9839
0.9695
0.9454
0.9051
0.9976
0.9952
0.9906
0.9821
0.9659
0.9688
0.9436
0.9016
0.8371
0.7597
0.9983
0.9966
0.9932
0.9860
0.9706
0.9969
0.9939
0.9819
0.9503
0.8771
0.9899
0.9800
0.9579
0.9261
0.8712
0.9830
0.9659
0.9435
0.9067
0.8179
0.9969
0.9893
0.9651
0.9024
0.7900
0.9861
0.9741
0.9441
0.8876
0.8131
0.9968
0.9920
0.9705
0.8789
0.7474
0.9871
0.9574
0.8491
0.6793
0.6326
0.9975
0.9713
0.7963
0.7641
0.6958
0.9606
0.9239
0.8236
0.7618
0.7394
0.9761
0.9848
0.9652
0.9469
0.9214
0.9067
0.9093
0.9240
0.9436
0.9641
0.9999
0.9995
0.9977
0.9953
0.9749
0.9965
0.9877
0.9758
0.9562
0.8861
0.9996
0.9993
0.9985
0.9969
0.9932
0.9939
0.9879
0.9782
0.9599
0.9276
0.9945
0.9845
0.9537
0.8869
0.8187
0.9808
0.9598
0.9218
0.8668
0.7960
0.9893
0.9809
0.9485
0.8636
0.6941
0.9930
0.9692
0.8632
0.7099
0.6319
0.9820
0.9474
0.8442
0.7117
0.5828
0.9888
0.9783
0.9590
0.9254
0.8746
0.9967
0.9936
0.9873
0.9748
0.9523
0.9588
0.9275
0.8718
0.8000
0.7099
0.9976
0.9951
0.9909
0.9821
0.9644
0.9957
0.9915
0.9744
0.9289
0.8306
0.9897
0.9794
0.9604
0.9254
0.8754
0.9759
0.9556
0.9244
0.8971
0.8384
0.9961
0.9879
0.9657
0.9171
0.8334
0.9888
0.9804
0.9585
0.9212
0.8644
0.9966
0.9920
0.9713
0.8946
0.7984
0.9827
0.9406
0.8741
0.7815
0.6890
0.9709
0.9568
0.8269
0.8074
0.7656
0.9791
0.8857
0.9229
0.6714
0.5568
0.9770
0.9861
0.9702
0.9586
0.9411
0.9298
0.9410
0.9525
0.9637
0.9761
0.9999
0.9987
0.9983
0.9894
0.9859
0.9973
0.9882
0.9815
0.9597
0.9132
0.9994
0.9990
0.9981
0.9961
0.9913
0.9870
0.9753
0.9551
0.9213
0.8687
0.9896
0.9733
0.9395
0.8839
0.8024
0.9754
0.9554
0.9250
0.8780
0.8178
0.9935
0.9865
0.9754
0.9302
0.8899
0.9936
0.9758
0.8918
0.8115
0.7431
0.9747
0.9375
0.8559
0.7516
0.6930
0.9894
0.9798
0.9620
0.9318
0.8806
0.9968
0.9936
0.9877
0.9768
0.9554
0.9613
0.9298
0.8777
0.8049
0.7158
0.9984
0.9967
0.9938
0.9870
0.9728
0.9959
0.9921
0.9767
0.9358
0.8418
0.9915
0.9814
0.9641
0.9334
0.8785
0.9716
0.9501
0.9229
0.8686
0.7904
0.9979
0.9937
0.9808
0.9445
0.8773
0.9862
0.9765
0.9558
0.9169
0.8667
0.9967
0.9923
0.9718
0.8812
0.7576
0.9723
0.9198
0.8562
0.7641
0.6896
0.9840
0.9583
0.9440
0.8205
0.7821
0.9569
0.8900
0.8150
0.8318
0.6263
0.9725
0.9930
0.9815
0.9737
0.9534
0.9411
0.9476
0.9554
0.9639
0.9754
0.9999
0.9998
0.9974
0.9982
0.9822
0.9972
0.9912
0.9808
0.9634
0.9111
0.9989
0.9977
0.9951
0.9889
0.9702
0.9885
0.9779
0.9585
0.9273
0.8777
0.9909
0.9717
0.9262
0.8629
0.8011
0.9751
0.9532
0.9201
0.8786
0.8159
0.9920
0.9848
0.9677
0.9372
0.7519
0.9943
0.9634
0.8931
0.8282
0.6925
0.9693
0.9129
0.8350
0.7659
0.6381
0.9956
0.9917
0.9845
0.9725
0.9516
0.9983
0.9967
0.9934
0.9875
0.9758
0.9852
0.9732
0.9534
0.9236
0.8792
0.9990
0.9981
0.9960
0.9920
0.9838
0.9982
0.9966
0.9898
0.9718
0.9271
0.9955
0.9895
0.9799
0.9634
0.9352
0.9917
0.9809
0.9621
0.9290
0.8823
0.9955
0.9859
0.9562
0.8783
0.7446
0.9937
0.9879
0.9675
0.9148
0.7790
0.9974
0.9941
0.9813
0.9301
0.8528
0.9975
0.9935
0.9836
0.9537
0.8784
0.9954
0.9934
0.9867
0.9323
0.9174
0.9882
0.9952
0.9615
0.9107
0.8524
0.9928
0.9872
0.9708
0.9516
0.9256
0.9258
0.9392
0.9502
0.9640
0.9785
0.9998
0.9985
0.9948
0.9863
0.9576
0.9955
0.9803
0.9681
0.9383
0.8454
0.9989
0.9978
0.9951
0.9882
0.9612
0.9944
0.9896
0.9812
0.9672
0.9470
0.9979
0.9953
0.9895
0.9753
0.9431
0.9922
0.9827
0.9676
0.9398
0.8882
0.9972
0.9935
0.9853
0.9669
0.9062
0.9966
0.9912
0.9855
0.9792
0.9638
0.9948
0.9883
0.9753
0.9459
0.8729
0.9942
0.9887
0.9782
0.9603
0.9307
0.9980
0.9960
0.9920
0.9840
0.9696
0.9799
0.9618
0.9342
0.8926
0.8311
0.9988
0.9977
0.9954
0.9905
0.9826
0.9975
0.9950
0.9850
0.9577
0.8935
0.9912
0.9780
0.9583
0.9295
0.8809
0.9910
0.9815
0.9665
0.9419
0.8916
0.9892
0.9747
0.9432
0.8714
0.7429
0.9921
0.9842
0.9600
0.9053
0.7758
0.9974
0.9936
0.9785
0.9230
0.8257
0.9958
0.9894
0.9748
0.9198
0.7195
0.9907
0.9796
0.9641
0.9504
0.8885
0.9881
0.9924
0.9349
0.8801
0.8361
0.9911
0.9865
0.9618
0.9444
0.9211
0.9134
0.9175
0.9303
0.9456
0.9673
0.9999
0.9982
0.9987
0.9916
0.9894
0.9964
0.9870
0.9743
0.9547
0.8770
0.9984
0.9967
0.9927
0.9827
0.9502
0.9923
0.9851
0.9727
0.9524
0.9212
0.9974
0.9947
0.9874
0.9704
0.9223
0.9897
0.9791
0.9621
0.9340
0.8807
0.9942
0.9876
0.9729
0.9540
0.8851
0.9976
0.9930
0.9845
0.9728
0.8085
0.9934
0.9852
0.9622
0.9046
0.7155
0.9931
0.9865
0.9740
0.9523
0.9164
0.9977
0.9955
0.9909
0.9821
0.9653
0.9745
0.9532
0.9198
0.8701
0.8016
0.9989
0.9977
0.9955
0.9908
0.9820
0.9973
0.9947
0.9839
0.9537
0.8837
0.9939
0.9877
0.9769
0.9565
0.9235
0.9845
0.9700
0.9387
0.9004
0.8422
0.9963
0.9885
0.9670
0.9013
0.7413
0.9934
0.9883
0.9739
0.9377
0.8331
0.9977
0.9948
0.9808
0.9231
0.8333
0.9911
0.9689
0.9194
0.8371
0.7014
0.9969
0.9737
0.9462
0.9041
0.7644
0.9694
0.9434
0.8674
0.7928
0.7320
0.9866
0.9907
0.9735
0.9577
0.9384
0.9489
0.9524
0.9593
0.9670
0.9796
0.9999
0.9997
0.9985
0.9979
0.9895
0.9962
0.9890
0.9737
0.9580
0.8740
0.9990
0.9977
0.9950
0.9887
0.9675
0.9913
0.9831
0.9668
0.9442
0.9081
0.9946
0.9861
0.9631
0.9158
0.8343
0.9844
0.9689
0.9409
0.9012
0.8264
0.9956
0.9895
0.9712
0.9395
0.8317
0.9957
0.9858
0.9345
0.9142
0.8135
0.9890
0.9730
0.9270
0.8298
0.6938
0.9943
0.9892
0.9801
0.9646
0.9403
0.9979
0.9957
0.9919
0.9846
0.9718
0.9811
0.9662
0.9418
0.9035
0.8514
0.9990
0.9981
0.9963
0.9927
0.9858
0.9977
0.9956
0.9873
0.9657
0.9134
0.9929
0.9862
0.9705
0.9419
0.9040
0.9916
0.9805
0.9688
0.9387
0.8887
0.9932
0.9795
0.9473
0.8720
0.7447
0.9907
0.9836
0.9662
0.9273
0.8301
0.9969
0.9930
0.9767
0.9251
0.8581
0.9956
0.9894
0.9767
0.9587
0.8811
0.9967
0.9925
0.9847
0.9734
0.9082
0.9907
0.9329
0.9898
0.9369
0.8407
0.9942
0.9887
0.9714
0.9538
0.9260
0.9397
0.9468
0.9575
0.9670
0.9834
0.9999
0.9984
0.9985
0.9829
0.9834
0.9960
0.9860
0.9716
0.9470
0.8646
0.9979
0.9952
0.9881
0.9642
0.9625
0.9918
0.9854
0.9741
0.9564
0.9283
0.9974
0.9943
0.9871
0.9701
0.9407
0.9902
0.9805
0.9638
0.9385
0.8966
0.9947
0.9881
0.9728
0.9445
0.9177
0.9970
0.9915
0.9851
0.9795
0.9717
0.9939
0.9864
0.9717
0.9422
0.8785
0.9907
0.9817
0.9649
0.9376
0.8923
0.9971
0.9942
0.9882
0.9769
0.9567
0.9665
0.9378
0.8939
0.8316
0.7532
0.9986
0.9972
0.9945
0.9891
0.9792
0.9966
0.9932
0.9791
0.9406
0.8578
0.9908
0.9826
0.9668
0.9377
0.8917
0.9851
0.9692
0.9441
0.9007
0.8382
0.9956
0.9869
0.9644
0.9084
0.8003
0.9914
0.9852
0.9688
0.9315
0.8473
0.9970
0.9931
0.9754
0.9132
0.8275
0.9894
0.9749
0.9284
0.8352
0.7344
0.9933
0.9883
0.9647
0.9139
0.8348
0.9686
0.9235
0.8417
0.8150
0.8207
0.9842
0.9879
0.9667
0.9505
0.9291
0.9220
0.9334
0.9469
0.9632
0.9756
0.9999
0.9998
0.9992
0.9973
0.9946
0.9969
0.9904
0.9781
0.9633
0.8952
0.9989
0.9977
0.9950
0.9879
0.9682
0.9916
0.9830
0.9687
0.9435
0.9040
0.9943
0.9854
0.9623
0.9172
0.8474
0.9819
0.9660
0.9358
0.8953
0.8198
0.9929
0.9862
0.9737
0.9218
0.8905
0.9943
0.9862
0.9701
0.9355
0.8480
0.9882
0.9718
0.9247
0.8376
0.7174
0.9915
0.9837
0.9689
0.9438
0.9049
0.9971
0.9944
0.9886
0.9783
0.9594
0.9705
0.9444
0.9030
0.8452
0.7698
0.9979
0.9964
0.9929
0.9862
0.9737
0.9967
0.9935
0.9805
0.9456
0.8668
0.9924
0.9790
0.9600
0.9316
0.8826
0.9840
0.9696
0.9265
0.8672
0.8118
0.9960
0.9877
0.9650
0.9074
0.8062
0.9892
0.9811
0.9567
0.9014
0.8102
0.9967
0.9927
0.9737
0.8982
0.7903
0.9879
0.9657
0.9004
0.8000
0.6689
0.9949
0.9836
0.9477
0.8816
0.7572
0.9897
0.9074
0.8664
0.7641
0.7693
0.9813
0.9840
0.9666
0.9435
0.9272
0.9177
0.9340
0.9483
0.9609
0.9715
1.0000
0.9987
0.9993
0.9898
0.9854
0.9967
0.9874
0.9771
0.9510
0.8908
0.9972
0.9939
0.9858
0.9706
0.9566
0.9911
0.9837
0.9678
0.9440
0.9069
0.9933
0.9822
0.9523
0.8932
0.8246
0.9807
0.9616
0.9349
0.8925
0.8091
0.9937
0.9841
0.9671
0.9546
0.8865
0.9952
0.9856
0.9339
0.8353
0.7187
0.9857
0.9641
0.9058
0.7730
0.6712
0.9929
0.9862
0.9743
0.9553
0.9245
0.9976
0.9954
0.9907
0.9828
0.9672
0.9747
0.9541
0.9229
0.8751
0.8131
0.9987
0.9977
0.9954
0.9907
0.9816
0.9972
0.9945
0.9841
0.9565
0.8923
0.9927
0.9844
0.9682
0.9447
0.9023
0.9910
0.9739
0.9552
0.9199
0.8596
0.9952
0.9851
0.9581
0.8908
0.7727
0.9896
0.9804
0.9544
0.9014
0.7955
0.9969
0.9926
0.9736
0.9123
0.7924
0.9938
0.9848
0.9650
0.8789
0.7174
0.9939
0.9853
0.9712
0.9130
0.8263
0.9518
0.9747
0.8627
0.8464
0.7570
0.9892
0.9844
0.9634
0.9383
0.9187
0.9286
0.9354
0.9439
0.9578
0.9797
0.9999
0.9998
0.9969
0.9983
0.9707
0.9962
0.9883
0.9733
0.9557
0.8729
0.9982
0.9963
0.9908
0.9742
0.9526
0.9936
0.9877
0.9771
0.9603
0.9326
0.9966
0.9920
0.9813
0.9534
0.8949
0.9865
0.9731
0.9497
0.9147
0.8560
0.9956
0.9898
0.9748
0.9469
0.8693
0.9966
0.9906
0.9836
0.9631
0.8545
0.9915
0.9784
0.9503
0.8790
0.7031
0.9911
0.9826
0.9673
0.9407
0.9005
0.9970
0.9941
0.9885
0.9781
0.9591
0.9676
0.9420
0.8990
0.8348
0.7595
0.9979
0.9961
0.9921
0.9842
0.9698
0.9963
0.9928
0.9788
0.9411
0.8571
0.9879
0.9755
0.9485
0.9136
0.8517
0.9769
0.9593
0.9239
0.8936
0.8294
0.9913
0.9790
0.9563
0.9069
0.8162
0.9854
0.9747
0.9464
0.8962
0.8508
0.9966
0.9920
0.9708
0.8843
0.7789
0.9858
0.9563
0.8524
0.7740
0.7006
0.9972
0.9923
0.9441
0.8675
0.8943
0.9670
0.9557
0.8708
0.7811
0.9488
0.9810
0.9879
0.9701
0.9587
0.9370
0.9091
0.9250
0.9414
0.9593
0.9780
1.0000
0.9980
0.9997
0.9857
0.9980
0.9971
0.9891
0.9800
0.9600
0.9068
0.9986
0.9971
0.9936
0.9850
0.9528
0.9909
0.9825
0.9682
0.9429
0.9030
0.9933
0.9810
0.9506
0.9038
0.8622
0.9786
0.9592
0.9317
0.8946
0.8322
0.9931
0.9859
0.9645
0.9234
0.8363
0.9951
0.9857
0.9531
0.8987
0.7955
0.9789
0.9526
0.8853
0.7920
0.7137
0.9955
0.9914
0.9839
0.9703
0.9480
0.9983
0.9966
0.9933
0.9869
0.9747
0.9849
0.9725
0.9496
0.9146
0.8677
0.9990
0.9982
0.9963
0.9928
0.9851
0.9981
0.9964
0.9891
0.9697
0.9217
0.9948
0.9900
0.9809
0.9636
0.9350
0.9939
0.9869
0.9758
0.9463
0.8802
0.9925
0.9788
0.9441
0.8591
0.7154
0.9913
0.9808
0.9449
0.8649
0.7018
0.9970
0.9925
0.9770
0.9201
0.8106
0.9981
0.9953
0.9874
0.9677
0.8805
0.9961
0.9907
0.9424
0.9693
0.9429
0.9968
0.9923
0.9533
0.9379
0.8420
0.9951
0.9825
0.9540
0.9373
0.9070
0.9337
0.9413
0.9504
0.9559
0.9712
0.9999
0.9978
0.9986
0.9846
0.9897
0.9956
0.9821
0.9694
0.9447
0.8533
0.9983
0.9965
0.9923
0.9818
0.9481
0.9943
0.9890
0.9796
0.9627
0.9377
0.9983
0.9967
0.9927
0.9837
0.9627
0.9927
0.9846
0.9705
0.9446
0.8991
0.9964
0.9912
0.9767
0.9442
0.8563
0.9981
0.9943
0.9896
0.9850
0.9704
0.9952
0.9894
0.9747
0.9464
0.8770
0.9938
0.9883
0.9779
0.9615
0.9333
0.9980
0.9961
0.9925
0.9852
0.9727
0.9794
0.9624
0.9323
0.8933
0.8349
0.9990
0.9982
0.9963
0.9926
0.9855
0.9976
0.9954
0.9866
0.9636
0.9100
0.9945
0.9861
0.9758
0.9558
0.9203
0.9874
0.9784
0.9448
0.9069
0.8327
0.9966
0.9892
0.9663
0.9038
0.7886
0.9901
0.9816
0.9568
0.9018
0.7937
0.9968
0.9928
0.9761
0.9093
0.8004
0.9963
0.9898
0.9732
0.9180
0.8102
0.9960
0.9955
0.9885
0.9491
0.8769
0.9564
0.9827
0.9007
0.8842
0.8024
0.9910
0.9885
0.9685
0.9480
0.9238
0.9426
0.9513
0.9596
0.9684
0.9834
0.9998
0.9994
0.9967
0.9953
0.9784
0.9960
0.9874
0.9719
0.9537
0.8669
0.9995
0.9991
0.9981
0.9959
0.9902
0.9916
0.9847
0.9716
0.9520
0.9221
0.9972
0.9939
0.9846
0.9606
0.9071
0.9890
0.9776
0.9567
0.9231
0.8715
0.9966
0.9923
0.9845
0.9501
0.9025
0.9973
0.9915
0.9812
0.9705
0.9005
0.9929
0.9840
0.9627
0.9113
0.7817
0.9901
0.9808
0.9639
0.9354
0.8904
0.9968
0.9937
0.9877
0.9767
0.9562
0.9630
0.9340
0.8862
0.8195
0.7374
0.9973
0.9950
0.9902
0.9813
0.9659
0.9960
0.9922
0.9769
0.9363
0.8433
0.9865
0.9710
0.9415
0.8983
0.8305
0.9771
0.9545
0.9371
0.8924
0.8237
0.9949
0.9884
0.9733
0.9340
0.8617
0.9880
0.9804
0.9602
0.9269
0.8729
0.9963
0.9918
0.9727
0.8933
0.7899
0.9870
0.9531
0.8873
0.8106
0.7412
0.9800
0.9667
0.9374
0.8763
0.7923
0.9888
0.9188
0.8710
0.7745
0.6185
0.9832
0.9905
0.9769
0.9691
0.9517
0.9372
0.9365
0.9478
0.9622
0.9827
0.9993
0.9983
0.9859
0.9907
0.9366
0.9970
0.9868
0.9809
0.9548
0.9148
0.9987
0.9975
0.9946
0.9873
0.9608
0.9877
0.9770
0.9606
0.9319
0.8928
0.9928
0.9815
0.9535
0.9031
0.8401
0.9796
0.9624
0.9326
0.8957
0.8581
0.9938
0.9861
0.9697
0.9304
0.8868
0.9955
0.9864
0.9580
0.9220
0.8670
0.9844
0.9555
0.8933
0.8117
0.7207
0.9902
0.9809
0.9632
0.9333
0.8860
0.9969
0.9938
0.9878
0.9762
0.9540
0.9638
0.9342
0.8870
0.8198
0.7285
0.9981
0.9964
0.9928
0.9862
0.9737
0.9962
0.9925
0.9775
0.9373
0.8459
0.9921
0.9806
0.9667
0.9351
0.8852
0.9671
0.9462
0.8961
0.8386
0.7611
0.9959
0.9869
0.9651
0.9192
0.8390
0.9868
0.9756
0.9481
0.8919
0.8216
0.9968
0.9922
0.9702
0.8815
0.7499
0.9864
0.9601
0.8401
0.6906
0.6541
0.9909
0.9738
0.9499
0.8293
0.7631
0.9508
0.8935
0.9287
0.7320
0.8371
0.9785
0.9873
0.9721
0.9557
0.9420
0.9218
0.9291
0.9353
0.9441
0.9703
0.9999
0.9984
0.9984
0.9860
0.9918
0.9970
0.9854
0.9794
0.9463
0.9044
0.9967
0.9929
0.9832
0.9508
0.9338
0.9875
0.9765
0.9573
0.9247
0.8729
0.9939
0.9837
0.9523
0.8907
0.8341
0.9783
0.9580
0.9276
0.8829
0.7637
0.9895
0.9799
0.9553
0.9140
0.7782
0.9953
0.9565
0.8154
0.7021
0.6291
0.9799
0.9459
0.8476
0.7070
0.5812
0.9925
0.9859
0.9741
0.9530
0.9204
0.9974
0.9948
0.9898
0.9805
0.9643
0.9743
0.9535
0.9195
0.8688
0.8041
0.9986
0.9976
0.9951
0.9900
0.9801
0.9971
0.9943
0.9835
0.9544
0.8865
0.9928
0.9853
0.9707
0.9448
0.9051
0.9854
0.9591
0.9078
0.8490
0.7606
0.9975
0.9921
0.9748
0.9254
0.8311
0.9902
0.9817
0.9604
0.9104
0.8171
0.9975
0.9942
0.9779
0.9121
0.7862
0.9897
0.9721
0.9071
0.8200
0.6683
0.9926
0.9742
0.9582
0.8751
0.7874
0.9868
0.9766
0.8716
0.7970
0.8123
0.9843
0.9866
0.9695
0.9577
0.9355
0.9285
0.9347
0.9448
0.9564
0.9768
0.9987
0.9981
0.9851
0.9920
0.9546
0.9957
0.9846
0.9726
0.9456
0.8779
0.9967
0.9921
0.9840
0.9723
0.9707
0.9905
0.9829
0.9696
0.9476
0.9154
0.9949
0.9865
0.9643
0.9122
0.8329
0.9821
0.9661
0.9394
0.9015
0.8433
0.9926
0.9832
0.9578
0.9076
0.8049
0.9966
0.9908
0.9450
0.8753
0.7189
0.9849
0.9674
0.9126
0.7860
0.6643
0.9948
0.9902
0.9813
0.9671
0.9419
0.9981
0.9963
0.9928
0.9865
0.9744
0.9819
0.9670
0.9424
0.9049
0.8545
0.9988
0.9977
0.9953
0.9908
0.9823
0.9979
0.9960
0.9882
0.9672
0.9171
0.9946
0.9860
0.9735
0.9505
0.9126
0.9911
0.9773
0.9423
0.9222
0.8677
0.9964
0.9886
0.9639
0.8925
0.7625
0.9914
0.9829
0.9533
0.8762
0.7375
0.9972
0.9939
0.9786
0.9197
0.8117
0.9962
0.9899
0.9716
0.8965
0.7082
0.9910
0.9685
0.9708
0.9472
0.7971
0.9666
0.9683
0.9715
0.8889
0.8307
0.9899
0.9838
0.9641
0.9443
0.9205
0.9113
0.9218
0.9385
0.9554
0.9789
0.9997
0.9991
0.9945
0.9941
0.9518
0.9957
0.9876
0.9701
0.9561
0.8571
0.9990
0.9979
0.9952
0.9882
0.9502
0.9941
0.9890
0.9791
0.9655
0.9406
0.9973
0.9939
0.9854
0.9632
0.9072
0.9899
0.9787
0.9581
0.9203
0.8447
0.9957
0.9897
0.9721
0.9381
0.8715
0.9967
0.9913
0.9847
0.9698
0.9195
0.9939
0.9849
0.9605
0.8962
0.7236
0.9942
0.9889
0.9793
0.9626
0.9350
0.9980
0.9962
0.9923
0.9851
0.9717
0.9799
0.9635
0.9355
0.8944
0.8377
0.9991
0.9978
0.9956
0.9925
0.9826
0.9977
0.9956
0.9870
0.9637
0.9080
0.9946
0.9891
0.9787
0.9607
0.9288
0.9892
0.9751
0.9548
0.9206
0.8657
0.9930
0.9785
0.9419
0.8549
0.7307
0.9915
0.9841
0.9635
0.9204
0.8354
0.9974
0.9936
0.9781
0.9196
0.8220
0.9929
0.9830
0.9641
0.9005
0.7782
0.9937
0.9830
0.9749
0.9215
0.9311
0.9912
0.9730
0.9508
0.8965
0.7881
0.9901
0.9853
0.9696
0.9548
0.9301
0.9241
0.9342
0.9484
0.9574
0.9763
0.9999
0.9995
0.9981
0.9934
0.9867
0.9960
0.9884
0.9718
0.9551
0.8653
0.9985
0.9969
0.9932
0.9833
0.9424
0.9938
0.9879
0.9787
0.9614
0.9344
0.9966
0.9917
0.9778
0.9449
0.8897
0.9875
0.9751
0.9529
0.9227
0.8646
0.9950
0.9887
0.9771
0.9516
0.8423
0.9970
0.9908
0.9833
0.9759
0.9545
0.9909
0.9772
0.9476
0.8886
0.7900
0.9908
0.9817
0.9660
0.9372
0.8926
0.9968
0.9938
0.9876
0.9763
0.9555
0.9672
0.9401
0.8961
0.8347
0.7558
0.9981
0.9963
0.9925
0.9851
0.9711
0.9958
0.9916
0.9746
0.9292
0.8296
0.9785
0.9519
0.9090
0.8376
0.7531
0.9845
0.9666
0.9368
0.9105
0.8756
0.9904
0.9802
0.9605
0.9129
0.8312
0.9939
0.9890
0.9774
0.9483
0.8851
0.9975
0.9943
0.9805
0.9310
0.8627
0.9905
0.9792
0.9282
0.8715
0.7906
0.9887
0.9968
0.9603
0.9232
0.8356
0.9884
0.9235
0.9794
0.8303
0.6497
0.9921
0.9888
0.9712
0.9548
0.9407
0.9274
0.9379
0.9549
0.9675
0.9836
0.9998
0.9983
0.9969
0.9901
0.9729
0.9972
0.9858
0.9818
0.9394
0.9173
0.9989
0.9979
0.9954
0.9890
0.9716
0.9876
0.9758
0.9545
0.9203
0.8700
0.9947
0.9872
0.9699
0.9325
0.8719
0.9847
0.9713
0.9525
0.9255
0.8958
0.9917
0.9851
0.9694
0.9487
0.8889
0.9967
0.9920
0.9803
0.9538
0.8854
0.9906
0.9776
0.9452
0.8666
0.7669
0.9948
0.9897
0.9806
0.9637
0.9376
0.9981
0.9963
0.9924
0.9856
0.9716
0.9817
0.9660
0.9394
0.8973
0.8352
0.9986
0.9973
0.9945
0.9889
0.9786
0.9978
0.9958
0.9872
0.9637
0.9065
0.9935
0.9877
0.9751
0.9523
0.9208
0.9920
0.9819
0.9655
0.9338
0.8866
0.9951
0.9845
0.9537
0.8773
0.7419
0.9921
0.9844
0.9616
0.9013
0.7733
0.9971
0.9933
0.9780
0.9227
0.8190
0.9949
0.9869
0.9687
0.8901
0.7268
0.9805
0.9872
0.9706
0.9463
0.7319
0.9854
0.9520
0.9201
0.8520
0.8527
0.9899
0.9841
0.9618
0.9354
0.9096
0.9065
0.9184
0.9339
0.9526
0.9763
0.9999
0.9985
0.9983
0.9890
0.9820
0.9958
0.9846
0.9709
0.9459
0.8607
0.9983
0.9964
0.9915
0.9773
0.9493
0.9942
0.9889
0.9791
0.9611
0.9353
0.9972
0.9937
0.9843
0.9590
0.9015
0.9886
0.9770
0.9571
0.9222
0.8620
0.9947
0.9878
0.9761
0.9545
0.9110
0.9964
0.9903
0.9783
0.9611
0.8450
0.9934
0.9840
0.9573
0.8829
0.7053
0.9920
0.9846
0.9709
0.9466
0.9110
0.9974
0.9950
0.9900
0.9805
0.9639
0.9716
0.9480
0.9112
0.8567
0.7806
0.9985
0.9973
0.9946
0.9894
0.9795
0.9969
0.9940
0.9820
0.9497
0.8767
0.9924
0.9835
0.9673
0.9420
0.8966
0.9877
0.9713
0.9467
0.9126
0.8524
0.9945
0.9834
0.9567
0.8949
0.7858
0.9884
0.9765
0.9462
0.8910
0.8091
0.9961
0.9916
0.9726
0.8986
0.7855
0.9931
0.9824
0.9459
0.8310
0.6343
0.9977
0.9772
0.9704
0.9342
0.7813
0.9894
0.9604
0.9260
0.8487
0.7651
0.9890
0.9868
0.9725
0.9465
0.9265
0.9297
0.9391
0.9490
0.9658
0.9818
0.9999
0.9993
0.9986
0.9910
0.9918
0.9967
0.9890
0.9770
0.9565
0.8911
0.9989
0.9978
0.9951
0.9882
0.9648
0.9901
0.9819
0.9671
0.9417
0.9064
0.9961
0.9911
0.9774
0.9443
0.8818
0.9857
0.9701
0.9448
0.9037
0.8424
0.9939
0.9869
0.9729
0.9409
0.8878
0.9970
0.9912
0.9775
0.9408
0.7920
0.9899
0.9749
0.9321
0.8320
0.6523
0.9895
0.9796
0.9613
0.9300
0.8793
0.9967
0.9937
0.9876
0.9761
0.9541
0.9616
0.9306
0.8806
0.8084
0.7203
0.9989
0.9978
0.9957
0.9916
0.9843
0.9959
0.9920
0.9758
0.9328
0.8386
0.9904
0.9802
0.9617
0.9288
0.8729
0.9723
0.9398
0.8939
0.8420
0.7828
0.9973
0.9922
0.9782
0.9439
0.8799
0.9912
0.9850
0.9706
0.9431
0.8836
0.9973
0.9938
0.9763
0.9020
0.7953
0.9858
0.9615
0.9196
0.8745
0.7883
0.9925
0.9947
0.9455
0.8929
0.8250
0.9838
0.9514
0.8709
0.7182
0.6895
0.9892
0.9923
0.9834
0.9712
0.9573
0.9393
0.9487
0.9574
0.9682
0.9826
0.9999
0.9981
0.9991
0.9848
0.9944
0.9972
0.9858
0.9806
0.9494
0.9093
0.9995
0.9991
0.9983
0.9964
0.9917
0.9881
0.9769
0.9575
0.9236
0.8714
0.9906
0.9746
0.9428
0.8977
0.8509
0.9790
0.9634
0.9365
0.8997
0.8451
0.9933
0.9866
0.9726
0.9509
0.9039
0.9964
0.9889
0.9682
0.9378
0.8867
0.9845
0.9641
0.9181
0.8390
0.7654
0.9920
0.9850
0.9707
0.9465
0.9059
0.9974
0.9948
0.9895
0.9796
0.9611
0.9714
0.9485
0.9096
0.8556
0.7824
0.9987
0.9975
0.9951
0.9904
0.9816
0.9969
0.9939
0.9814
0.9473
0.8724
0.9934
0.9847
0.9708
0.9438
0.9020
0.9854
0.9662
0.9426
0.8958
0.8083
0.9961
0.9878
0.9635
0.9017
0.7956
0.9916
0.9838
0.9593
0.9047
0.7953
0.9969
0.9930
0.9746
0.9073
0.8061
0.9937
0.9836
0.9543
0.8618
0.6768
0.9906
0.9881
0.9730
0.9292
0.7450
0.9678
0.8918
0.8450
0.7864
0.8159
0.9877
0.9869
0.9725
0.9555
0.9359
0.9475
0.9507
0.9542
0.9596
0.9793
0.9999
0.9995
0.9990
0.9960
0.9948
0.9965
0.9895
0.9757
0.9575
0.8844
0.9977
0.9948
0.9871
0.9700
0.9607
0.9913
0.9828
0.9684
0.9432
0.9060
0.9960
0.9906
0.9779
0.9422
0.8697
0.9850
0.9690
0.9392
0.8975
0.8360
0.9951
0.9899
0.9742
0.8924
0.8059
0.9969
0.9898
0.9779
0.9594
0.8025
0.9918
0.9783
0.9474
0.8615
0.6700
0.9926
0.9857
0.9725
0.9522
0.9186
0.9974
0.9951
0.9903
0.9815
0.9651
0.9737
0.9544
0.9210
0.8765
0.8182
0.9980
0.9960
0.9923
0.9853
0.9730
0.9967
0.9937
0.9814
0.9499
0.8803
0.9885
0.9794
0.9603
0.9290
0.8830
0.9787
0.9653
0.9507
0.9341
0.9074
0.9829
0.9573
0.9162
0.8363
0.6985
0.9975
0.9944
0.9860
0.9541
0.8572
0.9949
0.9905
0.9681
0.9158
0.8509
0.9980
0.9961
0.9912
0.9850
0.9570
0.9972
0.9956
0.9814
0.9704
0.9636
0.9833
0.9902
0.9443
0.9692
0.9371
0.9965
0.9887
0.9812
0.9705
0.9587
0.9313
0.9371
0.9478
0.9600
0.9739
0.9992
0.9975
0.9920
0.9908
0.9679
0.9941
0.9895
0.9690
0.9676
0.8656
0.9992
0.9985
0.9971
0.9937
0.9848
0.9910
0.9836
0.9704
0.9496
0.9195
0.9969
0.9941
0.9895
0.9823
0.9674
0.9899
0.9806
0.9840
0.9420
0.9062
0.9949
0.9890
0.9809
0.9707
0.9447
0.9986
0.9959
0.9923
0.9887
0.9845
0.9969
0.9945
0.9875
0.9671
0.9121
