0.9953
0.9908
0.9824
0.9669
0.9434
0.9987
0.9975
0.9950
0.9909
0.9827
0.9825
0.9680
0.9438
0.9033
0.8558
0.9992
0.9985
0.9971
0.9946
0.9892
0.9982
0.9964
0.9893
0.9699
0.9245
0.9957
0.9908
0.9822
0.9678
0.9402
0.9932
0.9820
0.9712
0.9447
0.8907
0.9942
0.9825
0.9518
0.8765
0.7423
0.9923
0.9842
0.9568
0.9006
0.7688
0.9977
0.9942
0.9801
0.9254
0.8412
0.9963
0.9908
0.9779
0.9222
0.7472
0.9870
0.9848
0.9626
0.9353
0.9109
0.9962
0.9510
0.9014
0.8873
0.9112
0.9922
0.9898
0.9697
0.9570
0.9247
0.9278
0.9292
0.9365
0.9464
0.9666
0.9999
0.9997
0.9988
0.9987
0.9910
0.9963
0.9888
0.9745
0.9562
0.8787
1.0000
1.0000
1.0000
1.0000
1.0000
0.9957
0.9921
0.9851
0.9733
0.9528
0.9981
0.9957
0.9904
0.9742
0.9312
0.9913
0.9820
0.9644
0.9331
0.8886
0.9938
0.9848
0.9546
0.9394
0.8229
0.9983
0.9951
0.9906
0.9772
0.8375
0.9941
0.9854
0.9625
0.8976
0.7334
0.9933
0.9868
0.9748
0.9542
0.9189
0.9982
0.9965
0.9932
0.9871
0.9752
0.9736
0.9517
0.9142
0.8555
0.7837
0.9986
0.9973
0.9947
0.9891
0.9766
0.9974
0.9950
0.9853
0.9589
0.8959
0.9917
0.9825
0.9629
0.9347
0.8851
0.9836
0.9703
0.9546
0.9240
0.8680
0.9972
0.9904
0.9682
0.9098
0.8042
0.9882
0.9776
0.9507
0.8989
0.8296
0.9974
0.9934
0.9753
0.8953
0.7755
0.9890
0.9630
0.8626
0.7016
0.6529
0.9993
0.9740
0.8079
0.7774
0.7105
0.9656
0.9310
0.8352
0.7752
0.7461
0.9779
0.9856
0.9671
0.9498
0.9255
0.9117
0.9158
0.9290
0.9471
0.9659
0.9998
0.9994
0.9986
0.9960
0.9817
0.9968
0.9892
0.9790
0.9626
0.9019
1.0000
1.0000
1.0000
1.0000
1.0000
0.9949
0.9900
0.9819
0.9665
0.9385
0.9955
0.9869
0.9597
0.8976
0.8327
0.9838
0.9653
0.9311
0.8806
0.8136
0.9910
0.9830
0.9548
0.8786
0.7215
0.9944
0.9748
0.8777
0.7319
0.6601
0.9847
0.9536
0.8583
0.7308
0.6003
0.9911
0.9829
0.9672
0.9392
0.8956
0.9976
0.9955
0.9912
0.9824
0.9666
0.9664
0.9398
0.8907
0.8259
0.7419
0.9980
0.9961
0.9928
0.9859
0.9717
0.9965
0.9933
0.9799
0.9428
0.8586
0.9916
0.9832
0.9675
0.9382
0.8953
0.9809
0.9629
0.9397
0.9175
0.8653
0.9966
0.9895
0.9694
0.9244
0.8455
0.9907
0.9836
0.9648
0.9314
0.8796
0.9971
0.9934
0.9765
0.9111
0.8253
0.9856
0.9486
0.8865
0.7974
0.7107
0.9745
0.9617
0.8373
0.8187
0.7817
0.9827
0.8987
0.9341
0.6893
0.5753
0.9788
0.9871
0.9721
0.9612
0.9444
0.9339
0.9451
0.9559
0.9662
0.9775
0.9997
0.9985
0.9988
0.9907
0.9904
0.9974
0.9896
0.9839
0.9649
0.9256
1.0000
1.0000
1.0000
1.0000
1.0000
0.9896
0.9800
0.9634
0.9346
0.8890
0.9917
0.9777
0.9475
0.8952
0.8187
0.9797
0.9625
0.9359
0.8938
0.8383
0.9946
0.9889
0.9802
0.9420
0.9085
0.9956
0.9820
0.9061
0.8303
0.7657
0.9789
0.9458
0.8699
0.7711
0.7142
0.9915
0.9838
0.9693
0.9439
0.8996
0.9977
0.9955
0.9915
0.9840
0.9690
0.9679
0.9406
0.8945
0.8289
0.7465
0.9987
0.9975
0.9952
0.9901
0.9790
0.9967
0.9938
0.9817
0.9482
0.8682
0.9932
0.9841
0.9694
0.9426
0.8941
0.9761
0.9583
0.9366
0.8916
0.8237
0.9981
0.9944
0.9827
0.9496
0.8873
0.9884
0.9801
0.9622
0.9273
0.8823
0.9973
0.9937
0.9768
0.8993
0.7937
0.9766
0.9292
0.8696
0.7806
0.7162
0.9855
0.9626
0.9531
0.8329
0.7974
0.9629
0.9013
0.8292
0.8439
0.6406
0.9752
0.9935
0.9828
0.9755
0.9564
0.9445
0.9516
0.9587
0.9666
0.9768
0.9998
0.9996
0.9980
0.9985
0.9860
0.9974
0.9923
0.9835
0.9687
0.9249
1.0000
1.0000
1.0000
1.0000
1.0000
0.9908
0.9824
0.9665
0.9404
0.8975
0.9927
0.9763
0.9355
0.8761
0.8188
0.9791
0.9601
0.9309
0.8939
0.8355
0.9933
0.9874
0.9741
0.9483
0.7806
0.9962
0.9707
0.9073
0.8472
0.7192
0.9741
0.9236
0.8507
0.7846
0.6524
0.9968
0.9940
0.9888
0.9801
0.9651
0.9991
0.9983
0.9967
0.9938
0.9881
0.9887
0.9793
0.9643
0.9414
0.9064
0.9993
0.9987
0.9974
0.9949
0.9896
0.9987
0.9975
0.9928
0.9801
0.9488
0.9968
0.9922
0.9851
0.9730
0.9516
0.9936
0.9851
0.9695
0.9406
0.8995
0.9960
0.9871
0.9592
0.8845
0.7546
0.9951
0.9905
0.9732
0.9251
0.7960
0.9985
0.9960
0.9859
0.9428
0.8728
0.9981
0.9949
0.9866
0.9604
0.8899
0.9958
0.9939
0.9876
0.9366
0.9216
0.9901
0.9988
0.9657
0.9171
0.8609
0.9932
0.9876
0.9718
0.9535
0.9285
0.9282
0.9415
0.9519
0.9653
0.9795
0.9999
0.9987
0.9963
0.9881
0.9652
0.9957
0.9821
0.9702
0.9444
0.8553
1.0000
1.0000
1.0000
1.0000
1.0000
0.9959
0.9924
0.9865
0.9765
0.9622
0.9984
0.9962
0.9914
0.9793
0.9513
0.9938
0.9857
0.9728
0.9480
0.9013
0.9979
0.9951
0.9885
0.9738
0.9198
0.9990
0.9970
0.9943
0.9911
0.9812
0.9960
0.9906
0.9794
0.9530
0.8845
0.9956
0.9915
0.9834
0.9696
0.9471
0.9987
0.9976
0.9952
0.9906
0.9827
0.9843
0.9697
0.9474
0.9139
0.8618
0.9991
0.9984
0.9968
0.9934
0.9879
0.9981
0.9963
0.9888
0.9684
0.9196
0.9931
0.9813
0.9643
0.9397
0.8969
0.9929
0.9855
0.9738
0.9534
0.9152
0.9905
0.9767
0.9467
0.8785
0.7548
0.9936
0.9869
0.9659
0.9157
0.7934
0.9980
0.9950
0.9821
0.9338
0.8473
0.9965
0.9909
0.9780
0.9277
0.7358
0.9917
0.9813
0.9666
0.9534
0.8931
0.9897
0.9934
0.9420
0.8904
0.8477
0.9915
0.9869
0.9630
0.9461
0.9236
0.9161
0.9204
0.9320
0.9466
0.9678
0.9998
0.9985
0.9990
0.9940
0.9921
0.9966
0.9885
0.9765
0.9608
0.8882
1.0000
1.0000
1.0000
1.0000
1.0000
0.9942
0.9886
0.9788
0.9627
0.9375
0.9980
0.9957
0.9894
0.9745
0.9306
0.9915
0.9823
0.9674
0.9419
0.8932
0.9954
0.9901
0.9778
0.9614
0.9023
0.9989
0.9968
0.9915
0.9834
0.8249
0.9948
0.9878
0.9675
0.9139
0.7322
0.9948
0.9898
0.9802
0.9632
0.9345
0.9986
0.9973
0.9946
0.9895
0.9799
0.9799
0.9626
0.9350
0.8931
0.8335
0.9991
0.9984
0.9969
0.9938
0.9879
0.9980
0.9961
0.9881
0.9651
0.9104
0.9954
0.9907
0.9823
0.9668
0.9409
0.9878
0.9759
0.9490
0.9180
0.8664
0.9968
0.9897
0.9695
0.9072
0.7534
0.9946
0.9904
0.9781
0.9457
0.8488
0.9984
0.9961
0.9850
0.9359
0.8547
0.9928
0.9737
0.9287
0.8505
0.7203
0.9990
0.9761
0.9507
0.9150
0.7734
0.9742
0.9503
0.8789
0.8050
0.7437
0.9875
0.9911
0.9747
0.9596
0.9412
0.9510
0.9545
0.9610
0.9685
0.9803
0.9998
0.9996
0.9991
0.9984
0.9934
0.9964
0.9898
0.9758
0.9621
0.8848
1.0000
1.0000
1.0000
1.0000
1.0000
0.9933
0.9870
0.9740
0.9560
0.9262
0.9957
0.9886
0.9687
0.9261
0.8506
0.9872
0.9742
0.9498
0.9146
0.8455
0.9965
0.9915
0.9760
0.9480
0.8516
0.9979
0.9917
0.9456
0.9292
0.8338
0.9910
0.9770
0.9352
0.8436
0.7137
0.9958
0.9921
0.9855
0.9740
0.9561
0.9988
0.9977
0.9957
0.9920
0.9853
0.9855
0.9740
0.9548
0.9242
0.8825
0.9993
0.9988
0.9977
0.9955
0.9911
0.9983
0.9968
0.9910
0.9757
0.9376
0.9946
0.9885
0.9751
0.9503
0.9177
0.9936
0.9852
0.9762
0.9517
0.9087
0.9940
0.9814
0.9509
0.8790
0.7556
0.9928
0.9872
0.9727
0.9381
0.8465
0.9980
0.9949
0.9818
0.9385
0.8787
0.9966
0.9916
0.9805
0.9644
0.8925
0.9970
0.9931
0.9857
0.9780
0.9104
0.9921
0.9392
0.9907
0.9429
0.8492
0.9945
0.9891
0.9722
0.9555
0.9284
0.9415
0.9489
0.9597
0.9691
0.9849
0.9999
0.9987
0.9990
0.9867
0.9869
0.9963
0.9881
0.9736
0.9550
0.8734
1.0000
1.0000
1.0000
1.0000
0.9998
0.9939
0.9890
0.9804
0.9670
0.9455
0.9980
0.9955
0.9895
0.9751
0.9489
0.9922
0.9841
0.9698
0.9476
0.9098
0.9960
0.9906
0.9783
0.9566
0.9374
0.9989
0.9969
0.9941
0.9914
0.9870
0.9954
0.9892
0.9766
0.9500
0.8900
0.9930
0.9863
0.9734
0.9518
0.9149
0.9982
0.9965
0.9931
0.9863
0.9738
0.9739
0.9505
0.9133
0.8596
0.7900
0.9990
0.9982
0.9965
0.9932
0.9865
0.9974
0.9950
0.9846
0.9553
0.8890
0.9929
0.9866
0.9743
0.9510
0.9134
0.9884
0.9754
0.9543
0.9174
0.8639
0.9962
0.9883
0.9673
0.9144
0.8110
0.9932
0.9881
0.9743
0.9411
0.8636
0.9978
0.9948
0.9809
0.9276
0.8498
0.9914
0.9792
0.9380
0.8501
0.7535
0.9939
0.9892
0.9693
0.9231
0.8446
0.9730
0.9334
0.8553
0.8320
0.8348
0.9853
0.9884
0.9681
0.9528
0.9324
0.9248
0.9362
0.9488
0.9645
0.9764
0.9998
0.9996
0.9993
0.9976
0.9959
0.9970
0.9911
0.9798
0.9665
0.9037
1.0000
1.0000
1.0000
1.0000
1.0000
0.9936
0.9872
0.9760
0.9559
0.9236
0.9956
0.9883
0.9685
0.9286
0.8647
0.9854
0.9721
0.9462
0.9109
0.8408
0.9946
0.9895
0.9798
0.9354
0.9127
0.9977
0.9937
0.9827
0.9518
0.8694
0.9905
0.9765
0.9341
0.8529
0.7390
0.9937
0.9878
0.9765
0.9570
0.9260
0.9983
0.9968
0.9935
0.9875
0.9764
0.9770
0.9556
0.9210
0.8718
0.8059
0.9986
0.9975
0.9952
0.9906
0.9816
0.9975
0.9952
0.9857
0.9594
0.8973
0.9942
0.9823
0.9661
0.9419
0.8995
0.9874
0.9760
0.9390
0.8867
0.8363
0.9965
0.9890
0.9680
0.9140
0.8177
0.9913
0.9845
0.9633
0.9132
0.8281
0.9976
0.9944
0.9788
0.9146
0.8153
0.9901
0.9711
0.9113
0.8156
0.6893
0.9980
0.9862
0.9526
0.8898
0.7689
0.9910
0.9175
0.8787
0.7774
0.7841
0.9827
0.9848
0.9682
0.9462
0.9306
0.9209
0.9366
0.9503
0.9625
0.9724
0.9999
0.9988
0.9994
0.9910
0.9879
0.9968
0.9886
0.9788
0.9563
0.8998
1.0000
1.0000
1.0000
1.0000
0.9998
0.9933
0.9876
0.9751
0.9562
0.9256
0.9947
0.9855
0.9598
0.9064
0.8425
0.9842
0.9679
0.9449
0.9072
0.8304
0.9951
0.9873
0.9732
0.9642
0.9042
0.9981
0.9925
0.9480
0.8545
0.7426
0.9884
0.9696
0.9164
0.7912
0.6925
0.9945
0.9894
0.9803
0.9655
0.9411
0.9985
0.9973
0.9945
0.9900
0.9807
0.9800
0.9630
0.9372
0.8968
0.8434
0.9990
0.9983
0.9968
0.9936
0.9873
0.9978
0.9959
0.9881
0.9671
0.9170
0.9944
0.9878
0.9749
0.9560
0.9211
0.9932
0.9788
0.9648
0.9359
0.8811
0.9957
0.9865
0.9613
0.8976
0.7845
0.9916
0.9839
0.9611
0.9124
0.8129
0.9976
0.9943
0.9786
0.9264
0.8214
0.9949
0.9872
0.9696
0.8908
0.7354
0.9944
0.9858
0.9732
0.9183
0.8359
0.9574
0.9783
0.8730
0.8572
0.7688
0.9899
0.9849
0.9646
0.9403
0.9215
0.9313
0.9387
0.9466
0.9597
0.9813
0.9999
0.9997
0.9981
0.9985
0.9762
0.9965
0.9894
0.9755
0.9603
0.8838
1.0000
1.0000
1.0000
1.0000
1.0000
0.9951
0.9905
0.9823
0.9694
0.9475
0.9973
0.9934
0.9842
0.9595
0.9061
0.9889
0.9774
0.9568
0.9251
0.8716
0.9966
0.9919
0.9803
0.9564
0.8889
0.9982
0.9949
0.9905
0.9756
0.8734
0.9931
0.9819
0.9568
0.8902
0.7217
0.9931
0.9866
0.9746
0.9531
0.9207
0.9980
0.9962
0.9926
0.9861
0.9741
0.9740
0.9529
0.9166
0.8608
0.7944
0.9985
0.9972
0.9944
0.9888
0.9781
0.9971
0.9945
0.9839
0.9545
0.8867
0.9904
0.9790
0.9554
0.9253
0.8703
0.9813
0.9667
0.9376
0.9155
0.8632
0.9924
0.9808
0.9593
0.9140
0.8292
0.9880
0.9789
0.9547
0.9103
0.8689
0.9974
0.9938
0.9766
0.9039
0.8116
0.9883
0.9630
0.8699
0.7943
0.7245
0.9985
0.9982
0.9497
0.8775
0.9061
0.9708
0.9627
0.8841
0.7966
0.9586
0.9830
0.9886
0.9717
0.9611
0.9403
0.9131
0.9288
0.9449
0.9612
0.9801
0.9998
0.9983
0.9996
0.9892
0.9983
0.9973
0.9909
0.9823
0.9665
0.9181
1.0000
1.0000
1.0000
1.0000
1.0000
0.9929
0.9864
0.9751
0.9547
0.9220
0.9947
0.9845
0.9582
0.9157
0.8781
0.9824
0.9659
0.9422
0.9098
0.8524
0.9946
0.9889
0.9712
0.9403
0.8659
0.9979
0.9923
0.9642
0.9154
0.8186
0.9826
0.9598
0.8994
0.8112
0.7357
0.9966
0.9936
0.9880
0.9779
0.9617
0.9990
0.9981
0.9964
0.9932
0.9873
0.9881
0.9784
0.9603
0.9332
0.8959
0.9993
0.9988
0.9976
0.9953
0.9905
0.9986
0.9973
0.9921
0.9782
0.9445
0.9962
0.9926
0.9859
0.9727
0.9513
0.9951
0.9898
0.9806
0.9559
0.8975
0.9932
0.9804
0.9474
0.8662
0.7277
0.9931
0.9843
0.9527
0.8784
0.7222
0.9978
0.9940
0.9805
0.9295
0.8322
0.9985
0.9961
0.9892
0.9715
0.8895
0.9963
0.9912
0.9440
0.9707
0.9450
0.9972
0.9931
0.9576
0.9427
0.8486
0.9954
0.9829
0.9549
0.9386
0.9091
0.9355
0.9431
0.9520
0.9569
0.9728
0.9999
0.9982
0.9991
0.9870
0.9931
0.9959
0.9844
0.9718
0.9506
0.8643
1.0000
1.0000
1.0000
1.0000
1.0000
0.9958
0.9919
0.9851
0.9726
0.9542
0.9987
0.9973
0.9939
0.9860
0.9673
0.9939
0.9870
0.9745
0.9511
0.9091
0.9972
0.9928
0.9809
0.9537
0.8716
0.9994
0.9981
0.9963
0.9943
0.9855
0.9963
0.9913
0.9782
0.9521
0.8857
0.9951
0.9908
0.9826
0.9695
0.9467
0.9987
0.9975
0.9953
0.9909
0.9833
0.9833
0.9692
0.9438
0.9106
0.8597
0.9993
0.9987
0.9974
0.9948
0.9897
0.9981
0.9964
0.9897
0.9718
0.9297
0.9957
0.9882
0.9794
0.9624
0.9320
0.9899
0.9825
0.9543
0.9212
0.8540
0.9969
0.9902
0.9690
0.9099
0.7999
0.9920
0.9848
0.9628
0.9126
0.8108
0.9979
0.9948
0.9812
0.9241
0.8267
0.9970
0.9916
0.9774
0.9274
0.8257
0.9965
0.9979
0.9980
0.9527
0.8837
0.9610
0.9852
0.9085
0.8955
0.8145
0.9916
0.9890
0.9700
0.9507
0.9276
0.9449
0.9539
0.9618
0.9701
0.9844
0.9998
0.9995
0.9983
0.9964
0.9859
0.9963
0.9889
0.9748
0.9599
0.8809
1.0000
1.0000
1.0000
1.0000
1.0000
0.9932
0.9876
0.9766
0.9601
0.9347
0.9978
0.9950
0.9871
0.9661
0.9176
0.9909
0.9812
0.9628
0.9328
0.8856
0.9973
0.9940
0.9878
0.9601
0.9173
0.9983
0.9947
0.9876
0.9797
0.9159
0.9942
0.9865
0.9677
0.9207
0.7978
0.9923
0.9851
0.9717
0.9486
0.9114
0.9977
0.9958
0.9919
0.9846
0.9709
0.9701
0.9459
0.9049
0.8464
0.7722
0.9980
0.9963
0.9927
0.9857
0.9732
0.9969
0.9940
0.9824
0.9504
0.8736
0.9891
0.9764
0.9520
0.9158
0.8573
0.9815
0.9627
0.9506
0.9124
0.8541
0.9955
0.9895
0.9756
0.9397
0.8721
0.9901
0.9838
0.9666
0.9372
0.8900
0.9971
0.9937
0.9783
0.9117
0.8219
0.9893
0.9601
0.9009
0.8291
0.7690
0.9821
0.9698
0.9443
0.8886
0.8058
0.9909
0.9304
0.8843
0.7910
0.6373
0.9848
0.9912
0.9784
0.9712
0.9550
0.9402
0.9396
0.9497
0.9634
0.9836
0.9996
0.9990
0.9906
0.9944
0.9503
0.9975
0.9907
0.9841
0.9653
0.9277
1.0000
1.0000
1.0000
1.0000
1.0000
0.9906
0.9822
0.9692
0.9452
0.9112
0.9943
0.9848
0.9608
0.9158
0.8589
0.9832
0.9687
0.9430
0.9106
0.8776
0.9949
0.9889
0.9759
0.9444
0.9079
0.9974
0.9915
0.9678
0.9371
0.8865
0.9873
0.9624
0.9067
0.8309
0.7438
0.9923
0.9851
0.9711
0.9468
0.9077
0.9979
0.9959
0.9922
0.9850
0.9710
0.9707
0.9457
0.9053
0.8468
0.7644
0.9985
0.9973
0.9949
0.9902
0.9815
0.9970
0.9942
0.9827
0.9511
0.8767
0.9938
0.9837
0.9721
0.9452
0.9022
0.9722
0.9558
0.9106
0.8595
0.7918
0.9963
0.9883
0.9681
0.9254
0.8505
0.9891
0.9794
0.9554
0.9043
0.8401
0.9974
0.9937
0.9752
0.8993
0.7810
0.9885
0.9656
0.8549
0.7111
0.6868
0.9922
0.9768
0.9545
0.8397
0.7788
0.9566
0.9050
0.9374
0.7477
0.8510
0.9802
0.9881
0.9735
0.9580
0.9450
0.9256
0.9327
0.9385
0.9464
0.9727
0.9998
0.9984
0.9989
0.9878
0.9950
0.9971
0.9870
0.9817
0.9527
0.9161
1.0000
1.0000
1.0000
1.0000
0.9997
0.9901
0.9815
0.9660
0.9392
0.8956
0.9951
0.9866
0.9591
0.9025
0.8490
0.9819
0.9643
0.9376
0.8985
0.7854
0.9914
0.9833
0.9621
0.9264
0.8065
0.9977
0.9649
0.8349
0.7276
0.6646
0.9832
0.9529
0.8629
0.7281
0.5877
0.9944
0.9896
0.9808
0.9648
0.9399
0.9985
0.9972
0.9945
0.9895
0.9807
0.9801
0.9635
0.9362
0.8938
0.8394
0.9991
0.9984
0.9969
0.9936
0.9870
0.9978
0.9959
0.9882
0.9669
0.9158
0.9945
0.9888
0.9774
0.9568
0.9253
0.9892
0.9677
0.9242
0.8729
0.7944
0.9978
0.9930
0.9772
0.9310
0.8414
0.9921
0.9851
0.9669
0.9226
0.8371
0.9981
0.9955
0.9822
0.9262
0.8126
0.9916
0.9765
0.9167
0.8330
0.6887
0.9934
0.9764
0.9613
0.8810
0.7980
0.9888
0.9804
0.8819
0.8094
0.8230
0.9855
0.9872
0.9706
0.9596
0.9380
0.9314
0.9373
0.9467
0.9576
0.9781
0.9996
0.9992
0.9934
0.9958
0.9687
0.9964
0.9891
0.9765
0.9570
0.8907
1.0000
1.0000
1.0000
1.0000
1.0000
0.9928
0.9871
0.9770
0.9599
0.9349
0.9960
0.9890
0.9700
0.9231
0.8482
0.9853
0.9714
0.9480
0.9149
0.8625
0.9941
0.9862
0.9660
0.9205
0.8240
0.9987
0.9961
0.9596
0.8947
0.7453
0.9875
0.9722
0.9221
0.8028
0.6842
0.9961
0.9926
0.9858
0.9750
0.9552
0.9989
0.9980
0.9960
0.9926
0.9860
0.9857
0.9737
0.9534
0.9226
0.8804
0.9992
0.9984
0.9969
0.9939
0.9878
0.9984
0.9970
0.9913
0.9757
0.9377
0.9959
0.9879
0.9773
0.9576
0.9245
0.9931
0.9812
0.9503
0.9344
0.8875
0.9967
0.9895
0.9664
0.8986
0.7740
0.9931
0.9859
0.9597
0.8879
0.7565
0.9981
0.9955
0.9828
0.9310
0.8331
0.9970
0.9916
0.9757
0.9057
0.7249
0.9918
0.9702
0.9742
0.9504
0.8040
0.9701
0.9713
0.9746
0.8972
0.8421
0.9905
0.9843
0.9652
0.9461
0.9229
0.9146
0.9253
0.9412
0.9572
0.9799
0.9998
0.9993
0.9968
0.9955
0.9623
0.9960
0.9889
0.9725
0.9614
0.8686
1.0000
1.0000
1.0000
1.0000
1.0000
0.9954
0.9915
0.9839
0.9736
0.9542
0.9979
0.9951
0.9879
0.9685
0.9178
0.9917
0.9822
0.9639
0.9297
0.8591
0.9967
0.9917
0.9767
0.9482
0.8900
0.9984
0.9953
0.9915
0.9810
0.9365
0.9952
0.9875
0.9655
0.9056
0.7401
0.9956
0.9916
0.9842
0.9713
0.9500
0.9988
0.9978
0.9956
0.9914
0.9840
0.9841
0.9708
0.9479
0.9140
0.8664
0.9993
0.9984
0.9970
0.9949
0.9881
0.9983
0.9967
0.9903
0.9729
0.9311
0.9960
0.9918
0.9838
0.9701
0.9452
0.9914
0.9804
0.9630
0.9350
0.8877
0.9937
0.9805
0.9458
0.8622
0.7424
0.9932
0.9869
0.9692
0.9305
0.8518
0.9980
0.9950
0.9821
0.9318
0.8438
0.9941
0.9857
0.9686
0.9099
0.7918
0.9944
0.9841
0.9780
0.9258
0.9348
0.9924
0.9761
0.9560
0.9047
0.7972
0.9906
0.9858
0.9706
0.9563
0.9325
0.9264
0.9374
0.9506
0.9591
0.9782
0.9999
0.9995
0.9987
0.9947
0.9906
0.9963
0.9896
0.9741
0.9606
0.8763
1.0000
1.0000
1.0000
1.0000
1.0000
0.9952
0.9906
0.9834
0.9699
0.9490
0.9973
0.9932
0.9812
0.9518
0.9002
0.9897
0.9790
0.9594
0.9325
0.8792
0.9960
0.9909
0.9812
0.9590
0.8620
0.9982
0.9948
0.9905
0.9852
0.9688
0.9926
0.9807
0.9540
0.8986
0.8040
0.9931
0.9863
0.9744
0.9520
0.9164
0.9979
0.9961
0.9923
0.9851
0.9719
0.9746
0.9529
0.9167
0.8649
0.7958
0.9987
0.9974
0.9949
0.9896
0.9789
0.9969
0.9938
0.9813
0.9465
0.8657
0.9826
0.9578
0.9200
0.8558
0.7784
0.9881
0.9729
0.9475
0.9246
0.8958
0.9916
0.9818
0.9629
0.9183
0.8387
0.9948
0.9909
0.9812
0.9558
0.8991
0.9978
0.9954
0.9846
0.9430
0.8820
0.9921
0.9824
0.9372
0.8833
0.8044
0.9898
0.9994
0.9638
0.9289
0.8457
0.9941
0.9346
0.9817
0.8455
0.6719
0.9925
0.9894
0.9726
0.9569
0.9434
0.9290
0.9393
0.9558
0.9681
0.9844
0.9998
0.9989
0.9980
0.9941
0.9782
0.9975
0.9890
0.9839
0.9507
0.9259
1.0000
1.0000
1.0000
1.0000
1.0000
0.9907
0.9818
0.9652
0.9375
0.8951
0.9958
0.9895
0.9748
0.9415
0.8862
0.9875
0.9762
0.9599
0.9357
0.9091
0.9935
0.9880
0.9760
0.9588
0.9077
0.9985
0.9960
0.9882
0.9651
0.9011
0.9925
0.9815
0.9527
0.8792
0.7841
0.9961
0.9923
0.9855
0.9726
0.9527
0.9989
0.9979
0.9958
0.9922
0.9847
0.9856
0.9732
0.9519
0.9176
0.8651
0.9990
0.9982
0.9964
0.9926
0.9857
0.9984
0.9969
0.9906
0.9733
0.9305
0.9950
0.9907
0.9807
0.9625
0.9380
0.9938
0.9859
0.9731
0.9457
0.9069
0.9956
0.9859
0.9570
0.8838
0.7528
0.9938
0.9874
0.9676
0.9122
0.7906
0.9979
0.9948
0.9821
0.9346
0.8424
0.9959
0.9891
0.9730
0.9002
0.7425
0.9813
0.9899
0.9723
0.9492
0.7397
0.9875
0.9568
0.9271
0.8612
0.8618
0.9904
0.9846
0.9629
0.9375
0.9123
0.9099
0.9216
0.9364
0.9544
0.9778
0.9999
0.9987
0.9991
0.9912
0.9865
0.9961
0.9864
0.9731
0.9526
0.8715
1.0000
1.0000
1.0000
1.0000
1.0000
0.9956
0.9915
0.9839
0.9698
0.9495
0.9978
0.9948
0.9868
0.9645
0.9118
0.9907
0.9806
0.9631
0.9317
0.8767
0.9959
0.9904
0.9803
0.9623
0.9236
0.9984
0.9955
0.9881
0.9762
0.8656
0.9948
0.9866
0.9627
0.8930
0.7231
0.9937
0.9880
0.9772
0.9575
0.9287
0.9983
0.9968
0.9936
0.9875
0.9772
0.9771
0.9575
0.9262
0.8790
0.8109
0.9989
0.9980
0.9961
0.9924
0.9852
0.9976
0.9954
0.9862
0.9610
0.9021
0.9940
0.9861
0.9724
0.9507
0.9115
0.9903
0.9768
0.9565
0.9279
0.8782
0.9952
0.9852
0.9602
0.9023
0.7988
0.9905
0.9804
0.9536
0.9033
0.8273
0.9971
0.9935
0.9780
0.9145
0.8151
0.9944
0.9854
0.9534
0.8464
0.6557
0.9996
0.9793
0.9730
0.9393
0.7914
0.9908
0.9663
0.9346
0.8621
0.7829
0.9898
0.9874
0.9738
0.9489
0.9299
0.9327
0.9420
0.9513
0.9676
0.9831
0.9998
0.9994
0.9990
0.9929
0.9942
0.9969
0.9906
0.9794
0.9627
0.9033
1.0000
1.0000
1.0000
1.0000
1.0000
0.9923
0.9858
0.9739
0.9531
0.9238
0.9969
0.9928
0.9811
0.9521
0.8948
0.9882
0.9751
0.9530
0.9163
0.8611
0.9951
0.9894
0.9778
0.9511
0.9087
0.9983
0.9950
0.9852
0.9524
0.8122
0.9919
0.9791
0.9407
0.8469
0.6740
0.9918
0.9839
0.9690
0.9432
0.8997
0.9977
0.9957
0.9917
0.9839
0.9686
0.9685
0.9423
0.8984
0.8334
0.7524
0.9991
0.9983
0.9968
0.9939
0.9883
0.9967
0.9937
0.9811
0.9462
0.8664
0.9923
0.9840
0.9688
0.9412
0.8934
0.9776
0.9497
0.9095
0.8647
0.8153
0.9976
0.9930
0.9800
0.9477
0.8872
0.9928
0.9875
0.9753
0.9512
0.8974
0.9977
0.9950
0.9809
0.9178
0.8221
0.9881
0.9668
0.9288
0.8866
0.8053
0.9949
0.9977
0.9497
0.9010
0.8376
0.9860
0.9580
0.8840
0.7350
0.7054
0.9901
0.9928
0.9844
0.9730
0.9599
0.9415
0.9507
0.9592
0.9693
0.9832
0.9998
0.9982
0.9992
0.9872
0.9960
0.9974
0.9878
0.9831
0.9565
0.9220
1.0000
1.0000
1.0000
1.0000
1.0000
0.9905
0.9816
0.9657
0.9372
0.8921
0.9924
0.9787
0.9505
0.9092
0.8671
0.9826
0.9693
0.9461
0.9138
0.8639
0.9945
0.9892
0.9777
0.9601
0.9212
0.9981
0.9933
0.9764
0.9518
0.9063
0.9872
0.9694
0.9275
0.8536
0.7847
0.9940
0.9887
0.9778
0.9590
0.9265
0.9984
0.9970
0.9941
0.9884
0.9776
0.9776
0.9592
0.9270
0.8813
0.8171
0.9990
0.9982
0.9966
0.9934
0.9873
0.9977
0.9955
0.9863
0.9606
0.9018
0.9950
0.9873
0.9758
0.9533
0.9178
0.9888
0.9730
0.9530
0.9124
0.8310
0.9965
0.9890
0.9666
0.9087
0.8079
0.9932
0.9867
0.9655
0.9159
0.8135
0.9977
0.9946
0.9795
0.9217
0.8299
0.9949
0.9864
0.9606
0.8748
0.6952
0.9933
0.9888
0.9753
0.9360
0.7572
0.9708
0.9015
0.8570
0.8005
0.8260
0.9886
0.9875
0.9736
0.9572
0.9386
0.9498
0.9526
0.9559
0.9610
0.9817
0.9998
0.9994
0.9993
0.9966
0.9967
0.9966
0.9903
0.9775
0.9610
0.8937
1.0000
1.0000
1.0000
1.0000
1.0000
0.9934
0.9869
0.9758
0.9558
0.9259
0.9969
0.9925
0.9817
0.9505
0.8837
0.9879
0.9744
0.9486
0.9115
0.8554
0.9962
0.9922
0.9798
0.9078
0.8271
0.9985
0.9954
0.9880
0.9746
0.8261
0.9937
0.9821
0.9546
0.8741
0.6900
0.9944
0.9893
0.9791
0.9633
0.9363
0.9982
0.9968
0.9940
0.9885
0.9781
0.9794
0.9638
0.9360
0.8979
0.8471
0.9986
0.9972
0.9946
0.9896
0.9802
0.9975
0.9953
0.9865
0.9626
0.9070
0.9912
0.9842
0.9689
0.9441
0.9065
0.9824
0.9709
0.9595
0.9455
0.9259
0.9856
0.9617
0.9221
0.8450
0.7115
0.9979
0.9958
0.9895
0.9626
0.8733
0.9965
0.9933
0.9755
0.9313
0.8739
0.9984
0.9970
0.9933
0.9886
0.9646
0.9986
0.9962
0.9831
0.9729
0.9659
0.9860
0.9923
0.9512
0.9740
0.9455
0.9967
0.9897
0.9823
0.9718
0.9608
0.9328
0.9386
0.9490
0.9608
0.9752
0.9992
0.9988
0.9938
0.9951
0.9722
0.9957
0.9915
0.9734
0.9745
0.8776
1.0000
1.0000
1.0000
1.0000
1.0000
0.9930
0.9872
0.9766
0.9595
0.9344
0.9979
0.9956
0.9919
0.9859
0.9733
0.9924
0.9850
0.9876
0.9528
0.9214
0.9960
0.9914
0.9849
0.9766
0.9551
0.9993
0.9982
0.9964
0.9946
0.9921
0.9979
0.9961
0.9904
0.9729
0.9241
