32.0753
29.9044
27.5171
24.9997
22.1257
35.3782
33.9418
31.8927
29.8502
27.2552
25.1014
22.1915
19.6025
16.3747
13.3525
38.1079
36.4936
34.4231
32.0452
28.8878
35.3501
33.7597
30.5084
26.4272
20.0758
31.7066
28.7350
25.9226
22.8719
18.9441
25.4434
21.6259
20.9011
17.0969
11.9629
29.6905
25.8651
21.3371
16.0978
10.7159
29.9972
27.2190
22.9953
17.5276
9.6883
34.1043
31.2929
26.3013
18.2070
13.1103
34.4182
32.3957
29.6248
20.5219
10.0633
34.1509
33.7464
28.7310
29.2535
28.0823
34.9382
29.6254
17.4346
15.9790
23.7889
25.4216
22.9724
16.0167
13.1385
9.7355
10.3373
8.9514
8.1192
7.3713
8.1314
27.9891
25.3296
23.2503
19.9184
19.8028
18.5721
13.4481
11.2880
7.5326
5.4705
100000
100000
100000
100000
100000
31.5035
29.3681
26.8773
24.7283
22.1075
37.0717
34.6761
31.5776
26.8249
19.5299
29.3529
26.1558
22.8682
18.8762
14.1651
29.2800
24.4066
19.3619
16.0340
10.9396
38.1299
35.0948
32.8479
29.1437
16.9916
33.2242
29.7822
24.8489
17.5446
9.1550
28.6731
26.3698
24.1324
21.5295
18.8003
32.2410
30.5723
28.8025
26.4410
23.8420
21.5977
19.1617
16.0602
12.9503
10.0623
34.4501
32.5289
29.8888
26.3739
21.8658
32.5848
30.6963
27.1725
22.6079
16.7600
27.8088
24.9865
22.0031
18.9518
15.6442
21.3152
19.3023
17.8544
16.1129
10.6500
28.2326
24.4935
20.5035
15.9462
11.2511
26.9242
24.7166
20.8883
16.5403
9.5146
31.6990
28.5526
23.1513
15.9360
11.7823
28.6532
22.9389
15.5598
8.0764
3.3453
32.6982
30.4334
10.8209
10.2216
6.3135
26.7216
28.0073
10.6885
13.9854
18.8110
22.0441
23.7517
18.1163
15.7786
12.6055
7.9273
6.9027
6.4411
6.5476
6.1706
25.0998
22.2412
20.7523
16.6968
17.0729
18.9370
15.3820
12.2536
10.1556
6.8442
100000
100000
100000
100000
100000
29.3608
26.7420
24.5340
21.8525
18.8525
31.9072
27.6075
21.8302
14.6066
7.6851
24.8263
21.6484
17.9020
13.8167
9.2920
25.4754
22.6628
19.4279
12.6193
6.5192
29.6224
23.7271
15.0914
8.0213
4.5737
29.1749
23.9966
15.6038
7.7052
2.5624
31.3383
29.3669
26.8935
24.2256
21.3509
34.2302
32.6171
30.6296
28.2989
25.8812
24.8910
22.0868
19.0973
16.2149
13.1320
33.4302
31.1062
28.6242
25.4449
21.6789
34.0405
32.3766
28.9252
24.6931
19.2082
31.4971
28.8258
25.9651
22.8547
19.1566
23.0560
18.5432
16.7959
13.3777
9.6618
31.3332
27.4205
23.0292
18.2370
13.2601
29.9589
27.8679
23.9660
19.3001
11.9377
32.4909
30.9832
26.0451
18.9853
12.5810
29.8882
23.7204
17.0159
9.9292
5.5961
32.5450
32.0869
13.8516
11.9108
5.5023
32.8300
18.5797
28.1181
8.8325
3.4967
21.2310
25.5652
20.3778
17.7297
13.7443
10.5798
9.9385
10.5460
10.1599
9.0468
29.2107
25.6621
24.4411
18.9109
21.2836
19.9402
15.8000
12.6311
9.6978
6.9080
100000
100000
100000
100000
100000
29.8497
27.5035
25.0753
22.5733
19.5420
31.4714
27.3661
21.6852
15.1732
8.8380
26.8529
23.7179
20.7567
17.0517
10.9800
30.7509
27.6373
25.2508
18.1910
13.4254
30.4160
25.5332
17.6257
12.0481
8.1298
30.6266
25.8375
17.4141
9.4862
5.1001
29.8437
27.7008
25.1999
22.7187
19.9065
33.5155
31.6561
29.8086
27.5835
25.1159
22.8719
20.4259
17.2594
14.2464
11.4065
31.6163
29.7045
27.5478
24.5398
20.8850
33.5144
31.9428
28.3669
23.6876
17.8093
29.6241
26.0603
23.4446
20.3378
17.1214
22.7599
19.0799
16.5676
12.5178
8.3957
30.4368
26.9021
22.7317
17.9230
12.9805
28.0222
25.7922
22.3122
17.2547
10.5696
32.5469
29.6289
24.3300
17.2478
11.7296
25.7249
19.4476
13.5498
7.3328
3.3426
29.9618
29.2664
29.3342
10.9870
5.9921
22.7718
15.0686
13.9780
14.7115
6.5383
20.2325
26.2182
19.7703
17.5262
14.3336
11.2010
10.3756
9.6202
9.4496
6.0885
26.5804
23.9220
21.5262
18.6033
17.0255
19.1310
14.5502
12.1114
8.4958
6.3505
100000
100000
100000
100000
100000
30.0878
27.6962
25.5047
23.1475
20.5553
31.2385
25.3501
18.2396
11.8079
5.8698
25.1553
21.6796
18.2983
14.7594
8.1327
25.9315
23.9352
19.5976
16.2502
5.9380
30.8951
21.1983
15.8726
11.6779
4.8103
27.6380
20.3212
12.9832
7.6243
2.7433
37.1303
34.6708
32.0275
29.2581
25.8288
41.1291
38.9899
36.5408
34.0933
30.4874
29.6091
26.9077
23.9307
20.7692
17.6501
41.1291
38.8743
36.0862
32.7290
28.6588
40.6257
38.4496
34.0473
27.8569
20.3520
35.8972
32.5865
29.4247
25.7075
21.3087
32.3940
28.4637
23.7606
18.3697
15.0257
36.0577
31.5985
25.9852
19.1334
12.4675
34.5815
31.6594
26.1694
19.0894
10.7699
40.0950
36.6935
30.8071
22.5927
16.6106
39.5989
37.6270
34.1989
26.9014
18.3472
37.6723
35.7396
32.9372
14.6339
26.4372
34.5917
40.0052
31.5441
15.0646
15.1011
28.1404
23.5368
17.3653
13.7539
9.6982
10.4549
10.4051
10.4672
10.1837
14.6257
33.9476
30.2533
27.3975
23.4435
17.8831
20.5324
16.1688
12.7871
10.6736
6.9082
100000
100000
100000
100000
100000
35.9197
33.3860
30.7733
27.7893
24.4263
40.2847
37.4790
34.1949
29.8252
24.0066
33.9862
30.3129
26.4912
22.0445
16.1072
37.4515
33.1753
28.4897
20.2505
16.2385
40.3491
36.6107
34.2441
32.3279
28.8451
37.6835
34.6669
31.0850
25.9335
18.7139
33.1543
31.2108
28.9792
26.3945
23.9864
35.8182
34.1143
32.0283
29.7528
27.3528
28.0150
25.2943
22.4221
19.8495
16.7946
37.1657
35.4863
33.4927
31.3272
29.1189
34.9032
32.9743
29.4939
25.2676
19.4875
34.1829
30.2053
27.2882
23.9841
20.2091
27.0013
24.0913
24.2184
19.5275
16.6673
31.3501
27.0598
22.4577
17.6442
12.6021
31.2386
28.5893
24.2496
18.9272
11.1547
36.8241
33.5618
29.2717
21.9549
16.4438
36.4288
34.2364
30.9397
23.0303
12.6975
37.6557
35.6415
34.3828
33.5826
16.6040
34.0030
35.2906
26.6526
17.8352
21.9167
28.0722
26.0335
19.0407
15.5171
12.1343
12.3376
11.5029
10.8774
10.2610
9.5552
32.1890
26.1397
27.4813
17.8111
24.3110
19.7056
17.0410
12.0991
11.6960
6.2569
100000
100000
100000
100000
100000
31.0593
28.8717
26.4127
23.8925
20.8541
37.3639
35.2394
32.3028
28.3311
21.7538
30.5234
27.6698
24.4941
20.5771
15.5949
31.8858
27.9190
23.4233
20.2181
15.4638
39.8149
36.9540
33.5762
31.1510
18.2014
35.3573
32.4081
28.4318
22.3440
12.8434
33.0214
30.8476
28.3938
25.7212
23.1039
36.7422
34.8253
32.8593
30.6419
27.9852
25.8876
23.2061
20.3146
17.1933
14.1313
38.7905
37.2277
34.8575
31.2570
26.9246
36.5121
34.8774
31.4967
27.1475
20.6629
32.4546
29.9291
26.9354
23.4183
19.9418
26.1638
22.3884
18.3969
14.4307
11.3022
30.5318
26.2743
21.3891
15.6995
9.5152
31.1648
28.7941
24.6114
19.3996
10.5505
35.3479
32.9194
27.5362
19.5842
13.9527
31.9717
26.7990
20.2489
13.6814
7.0125
36.6292
31.7605
30.8476
21.6341
9.3511
29.4889
23.4415
15.3824
11.9090
8.7248
22.3534
24.7266
17.4208
14.0867
11.0930
11.1584
9.8000
9.1516
9.0509
9.2254
29.0229
26.2701
24.2853
20.8211
20.8560
19.3245
14.2168
11.9727
8.0795
6.1921
100000
100000
100000
100000
100000
32.7436
30.4502
28.1804
25.5201
22.6403
33.8010
29.6454
23.8482
18.1237
11.8768
28.4442
25.0644
21.8908
18.0041
11.7482
30.6690
27.2014
22.9316
17.7173
10.1101
32.8627
28.2322
20.0437
19.0228
12.6521
33.1387
28.5492
21.8984
13.4444
7.0125
36.7850
34.5997
32.1354
29.4429
26.5202
39.5996
37.3558
35.3394
33.1707
30.5022
30.4959
27.7331
25.1029
21.9318
18.9120
38.1172
36.3990
34.1646
31.7114
28.9426
39.1357
37.2339
33.4997
28.4007
21.2030
36.6309
32.9058
29.2216
25.4794
21.3555
32.0889
28.3383
25.3372
21.7636
16.6841
33.9960
29.7621
24.7925
19.1222
13.2395
34.4766
32.1489
27.6070
21.0351
12.1006
38.8137
36.2289
31.2287
23.8938
18.5957
38.6800
36.4641
33.1417
30.3254
20.3986
38.8183
37.4892
34.4448
32.7822
12.6141
35.3249
27.4241
35.9649
28.6355
14.5095
29.1055
24.9079
18.3048
15.4427
11.3812
12.8420
12.2460
12.7324
12.3750
14.3237
34.2863
29.8442
29.4891
21.6640
24.3170
20.3213
16.4185
12.6174
11.5281
6.8941
100000
100000
100000
100000
38.4015
35.2658
32.8149
30.1409
27.2405
23.8093
39.5970
37.6011
34.6361
30.4008
25.3164
33.9306
30.8417
27.3654
23.2066
17.5795
34.1664
30.5186
26.3335
20.7442
15.4880
40.9139
37.6108
35.2811
33.7828
32.0543
38.1595
35.0792
31.5448
26.8402
20.2343
32.7969
30.6661
28.5055
26.1331
23.5943
36.5064
34.1243
32.6469
30.6657
28.3905
26.1348
23.5171
20.7322
18.0064
14.8562
36.0055
33.7465
31.4323
28.6422
25.5875
36.3155
34.5718
31.3335
27.4437
21.3710
32.4663
29.8408
27.1255
23.5844
19.7648
25.0594
22.1226
18.8290
14.6478
11.6959
31.1610
27.4064
23.0105
17.9298
12.6522
31.3077
29.2399
25.5736
20.7802
11.5132
35.0451
32.3817
27.5830
19.9879
14.9822
32.9160
29.3935
22.6123
14.6259
8.7447
36.5160
35.1214
31.4669
29.4524
12.8945
27.7340
23.4660
22.2152
17.5981
16.4667
23.7846
25.3548
17.4947
15.1695
11.7725
10.4842
9.4913
9.1239
8.7038
8.2889
29.0618
26.4449
24.1109
21.2215
21.2046
18.7545
13.7620
11.5296
8.0366
5.7441
100000
100000
100000
100000
99.6604
32.7070
30.4873
28.1916
25.7301
23.2150
34.9469
30.4145
25.5739
19.9244
13.5871
28.8097
26.0853
22.7695
19.5246
11.4051
31.2645
26.8945
23.8993
15.4926
14.6022
34.4062
30.9846
26.5944
22.1325
15.2975
33.5756
29.7523
23.4558
15.1501
8.7806
30.4136
28.5755
26.5932
24.1758
21.4928
32.8137
31.2332
29.5183
27.5826
25.1723
24.8198
22.2450
19.6988
16.6746
13.7125
32.0250
30.6164
28.5182
26.1364
23.2078
32.7062
31.0814
27.9173
23.9923
18.5619
31.6979
28.1200
25.3678
22.2998
18.8687
23.4707
20.1975
17.1767
12.1836
9.8040
30.3906
26.7655
22.5586
17.6132
12.5384
29.0925
26.7797
23.1057
17.9592
10.4091
32.7451
30.4429
25.9720
19.2224
13.6659
30.8580
25.9615
19.6533
12.8406
6.9167
33.2391
32.6016
29.1474
13.6898
9.5519
32.8375
18.9980
20.9771
10.8925
10.3540
23.1153
22.9738
17.1538
13.1541
10.7563
9.7072
8.8924
8.5357
8.2733
7.1762
27.9203
24.3253
23.0565
18.0776
18.7376
18.5637
14.6286
11.3827
9.5201
5.6286
100000
100000
100000
38.4039
32.6543
29.0046
27.3485
25.0846
22.7114
20.3833
32.2149
28.3443
23.6760
18.1098
11.8581
26.8512
23.6792
20.7751
17.2856
10.8051
29.2755
24.3093
20.6086
20.3166
13.6899
33.7362
29.8121
20.6746
15.7132
9.2338
30.6438
27.1462
21.3485
12.9401
6.5162
33.5493
31.2532
28.7885
26.0659
22.9180
37.5983
35.5606
33.5510
30.9252
27.9434
26.1230
23.2617
20.5989
17.3925
14.4653
39.3768
37.7269
35.1922
31.9503
28.0527
37.3351
35.7531
31.4210
25.7011
19.1688
32.9482
29.9999
26.8792
23.5181
19.6786
29.6389
23.2240
20.0085
15.0516
10.2171
31.1386
27.0640
22.3223
17.0836
11.7648
31.5129
28.9934
23.9608
17.7615
10.8076
36.0434
33.7244
27.5998
19.8695
13.6671
34.3559
33.0336
28.6911
18.1820
9.1937
34.9973
16.4534
32.5397
18.0405
14.0067
17.8252
34.6549
12.7741
17.5447
9.8368
25.8875
23.0693
16.5718
12.5549
9.7810
10.1695
9.4445
8.8463
8.0456
17.0709
30.4320
27.6540
25.0627
22.1257
16.0595
20.3859
15.1919
12.8944
9.6409
7.2351
100000
100000
100000
100000
52.8919
33.4685
30.9935
28.5738
25.8362
22.6218
37.9387
34.8302
30.5854
24.8825
17.5967
30.2317
26.8718
22.8164
18.5808
13.2958
32.1399
28.5216
21.4476
17.7145
13.5815
37.0108
33.5021
31.0753
26.8576
17.3935
35.1412
31.3143
26.2996
18.8524
9.2724
31.5959
29.7104
27.7305
25.4823
23.1215
34.5077
32.7310
30.8591
28.6452
26.4970
26.3024
24.0496
21.4484
18.5969
15.8812
35.5924
33.9890
31.8385
29.2483
26.2446
33.4516
31.7330
28.6855
25.0416
20.1929
32.2067
28.7524
26.0676
23.1342
19.4838
24.2688
21.7775
17.4594
16.7279
12.6722
28.6173
24.5851
20.1786
15.8747
11.7110
29.8078
27.5742
24.1166
19.8171
12.3190
34.0325
31.8170
27.4139
21.2064
15.8826
32.4017
27.0654
19.6500
14.0534
8.7825
35.7355
35.2160
31.6475
16.2379
8.2607
30.1942
27.8040
19.7057
14.5164
20.7271
26.1375
25.3768
20.3178
17.8128
14.0509
11.1974
11.1294
10.9527
9.8288
13.8743
29.6212
25.4070
24.7692
18.7175
22.2567
19.1700
14.8839
11.9485
9.2172
6.1442
100000
100000
100000
100000
100000
30.4723
28.3330
26.3960
24.1479
21.6181
34.6504
30.3423
25.5343
19.4606
13.1688
28.1682
25.2283
22.2603
18.7494
11.2231
31.1374
28.5234
25.2076
18.4685
14.1478
36.8390
32.8945
24.7463
20.5682
13.7373
31.4934
27.7824
22.1051
14.2775
8.3608
32.9369
30.7590
28.4575
25.7808
23.0820
36.1475
33.8209
31.9865
29.5187
27.3216
26.3338
23.7934
20.6365
17.7153
14.5969
35.0349
33.6186
31.6436
29.4579
26.7577
35.5309
33.5837
30.1099
25.7834
19.7984
33.0097
30.2837
27.2391
24.0124
20.1081
29.6150
26.6009
24.4255
20.0067
13.5660
30.3975
26.3049
21.4395
16.0394
10.6273
30.4145
27.7471
22.9062
17.2813
10.0819
34.5654
31.8833
27.2459
19.5497
13.8360
35.0719
34.2211
32.5737
26.8751
17.5039
36.8881
34.7100
14.6189
31.1303
27.5204
36.2588
35.5574
20.6386
22.7702
10.4506
25.5822
21.9569
14.0657
11.2378
7.4331
12.6106
11.3855
10.8808
9.4710
10.4666
30.3103
25.9004
25.5154
18.8225
22.4249
19.9245
16.5840
12.5924
10.7872
6.9248
100000
100000
100000
100000
50.3576
31.0247
28.6370
26.3662
23.3696
20.5559
36.6215
34.8104
32.5231
29.7902
25.9908
30.8575
27.8923
24.5258
20.6770
16.0447
31.4371
27.9250
22.7257
18.3076
12.5364
39.7729
37.0988
35.2612
33.9811
30.3806
34.4039
31.8439
28.1038
23.8077
17.7161
35.3465
33.2593
30.6465
27.9639
25.0417
38.9337
37.1870
35.0662
32.9232
30.2381
27.9828
25.4297
22.4701
19.5532
16.3315
41.2358
39.8069
37.4793
34.4582
30.5642
39.0244
37.3012
33.7060
28.9843
21.7492
34.8872
30.6005
28.1020
24.5502
20.4362
31.4450
27.3613
22.2020
17.8560
12.7996
34.7563
30.7567
25.8202
19.9614
13.9906
32.9792
30.4548
25.8081
19.9545
11.3771
37.8317
35.0059
29.4504
21.4490
15.6436
37.9975
35.7937
30.6944
22.2392
13.7357
37.9002
35.5987
35.1657
30.4270
14.2374
23.2837
35.9954
17.1104
15.8940
12.3924
26.1026
24.7150
17.6576
13.5348
10.5905
13.1291
13.2228
13.1007
12.8681
17.1419
32.7248
29.7738
27.8992
24.1825
22.2707
19.9881
14.6094
12.3624
8.8297
6.5574
100000
100000
100000
100000
100000
34.8179
32.6674
29.9818
27.3171
24.4207
39.6969
36.9719
33.0202
27.4718
20.3334
32.4233
28.9917
25.4101
21.2886
15.7749
35.8633
31.5006
27.8509
20.7825
16.5854
36.8476
32.7300
28.8601
26.5267
18.9528
37.4393
33.5609
28.4527
22.4053
13.7780
37.7316
34.9603
32.2993
29.0593
25.7588
40.4373
38.4068
35.7606
32.8087
29.3992
30.8348
28.2186
25.1145
22.0458
19.0012
39.8025
37.5257
34.6220
31.1497
27.2874
39.9127
37.4925
32.6181
26.6695
19.8954
37.1395
33.6705
30.2543
26.6596
22.5043
29.0645
25.9957
24.6019
19.7898
14.5204
38.2553
33.7879
28.6157
23.1373
17.5635
35.5389
32.5890
27.3949
20.5803
12.9112
41.1826
38.5250
32.8246
24.7336
19.3218
38.0770
30.2666
23.4510
16.3061
11.3528
34.7691
25.4102
31.2946
17.8988
14.2768
41.8054
29.6628
31.0398
16.1808
12.4040
28.2232
31.8725
24.5417
22.6372
18.9763
14.3503
13.9353
13.3733
12.4509
14.2654
38.6131
30.4357
27.7147
20.9264
18.8066
21.5163
21.1397
13.5290
16.2714
7.7138
100000
100000
100000
100000
100000
33.5551
30.6258
27.5144
24.3225
21.1429
40.7337
35.9824
30.1849
22.5669
15.4211
32.9059
28.7705
23.9336
18.6245
13.5868
37.9032
34.5814
29.4481
25.7155
20.8614
40.2027
35.8732
28.2822
24.4958
19.3591
38.9026
33.2566
25.3893
17.0291
10.9731
27.5596
25.5940
23.5765
21.1655
18.6208
30.6637
29.0883
27.1271
25.4407
22.8543
21.6472
18.9764
16.1237
13.4340
10.2585
33.0799
31.7838
29.8759
26.6708
22.8452
30.1489
28.5023
25.3248
21.5349
16.5930
28.3805
24.7029
22.4668
19.4091
16.5218
19.3122
17.3526
12.8927
9.2844
6.5022
26.6257
22.9905
18.9312
14.6410
10.2518
25.6994
23.4554
19.9415
15.5855
9.3058
30.0247
27.7618
22.6840
15.8141
10.1363
27.5266
22.4409
14.3967
6.3282
3.5183
30.3985
29.2578
28.2315
11.1082
10.9272
25.9656
15.4412
20.1578
9.2184
14.6347
20.4420
23.6232
17.2091
13.9307
11.3349
9.4661
7.1479
5.9017
5.0796
9.0568
23.8176
20.7124
18.9960
14.6100
16.7250
17.3330
13.6590
10.8806
8.3882
5.5432
100000
100000
100000
36.4853
28.4192
26.5730
24.6787
22.4189
19.8212
17.0377
30.2346
26.8314
21.3641
14.2643
7.3259
23.7778
20.8257
17.8247
14.7155
5.7442
24.5923
22.6827
18.9452
13.6365
7.4822
30.0873
21.9048
12.2004
6.8921
2.0781
27.6606
23.2458
14.9144
6.7708
1.6731
34.0333
31.9932
28.9534
26.2450
22.9372
38.3336
36.1628
33.7278
30.8197
27.6101
26.7936
23.7377
20.8159
17.9657
14.8263
40.0470
38.4719
35.3214
31.3241
26.8592
38.1098
36.0254
31.0380
25.1449
18.8838
33.0661
30.2028
26.6007
23.5524
19.5908
28.0474
22.4317
17.0491
13.8482
10.6793
34.5103
30.5118
25.6587
19.9489
14.0345
31.8294
28.9659
24.1060
17.9141
10.6980
36.5647
34.1654
28.1582
20.3082
13.7427
34.1086
27.6175
19.3080
12.4339
6.5148
36.7014
34.7049
15.9917
12.0920
9.7721
37.1640
32.8204
15.5686
8.3789
16.4856
24.3420
24.0244
17.6201
15.0469
11.0873
11.7228
10.5216
10.1948
9.1528
13.3809
31.7125
28.9287
23.8666
23.3219
14.8017
20.0092
14.8245
12.3627
8.9601
6.4747
100000
100000
51.8018
43.8087
42.9916
33.9449
31.8659
29.5373
26.6025
23.8362
36.5355
31.7672
26.1517
18.9088
11.6627
29.0476
25.5514
21.1384
17.1565
12.1810
29.5217
26.3804
21.6348
18.2485
11.2784
37.2990
33.6220
23.5958
18.1286
9.6521
32.8114
28.3137
21.8839
12.7739
6.1509
34.4748
32.3076
29.2950
26.7116
23.4904
38.3344
36.0282
33.8417
31.2959
28.0772
27.0557
24.2397
20.9563
17.9743
14.8250
36.4722
34.4795
32.1966
29.5308
26.1879
38.0801
36.0755
31.9010
26.1522
19.1879
33.7890
28.9389
26.0968
22.9111
19.0680
28.9381
23.8431
19.0546
16.3784
11.6296
35.5458
31.4446
26.2312
19.9202
13.6448
31.9946
29.0587
24.1837
17.5451
10.4141
36.6643
33.1601
27.8960
20.1639
14.4383
35.9468
33.4468
27.6230
19.6063
10.4022
36.7438
20.3297
32.3997
29.6617
9.7969
21.2069
31.2474
33.4855
20.4986
12.1646
26.4097
23.8109
16.1970
13.0455
9.3719
10.1698
9.7414
9.8910
9.4759
9.9028
32.3997
28.5493
27.0500
22.0341
16.8657
20.5411
16.3581
12.8309
10.5448
7.0423
100000
100000
100000
100000
100000
32.9239
30.4982
27.9295
25.0806
21.8594
37.5676
34.3369
30.6433
25.5612
18.7805
31.0714
27.6937
23.5089
18.7631
12.8819
34.0575
29.4438
23.0197
17.6377
13.1591
36.5655
32.8243
30.5327
27.0539
22.2667
34.7417
31.7067
27.1077
20.2841
11.0494
33.5501
31.7484
29.5084
27.0728
24.1658
37.2546
35.1014
33.4464
31.0294
28.6459
27.0932
24.5281
21.5977
18.7790
15.8646
38.1071
35.0673
32.3481
29.9696
25.7909
37.0788
35.2428
31.7672
27.3220
20.9591
33.3174
30.8901
27.8095
24.4938
20.4747
27.9185
23.7051
20.4076
15.6821
12.0369
31.8123
27.8104
23.1139
17.7189
12.0567
31.8182
29.3879
25.5248
20.2001
11.8293
35.9656
33.2788
28.2463
21.0604
15.1202
34.3754
31.5517
27.7386
20.4094
12.7327
36.4591
34.7062
33.4488
14.2582
29.0966
35.0072
32.3496
25.7300
19.0983
11.5508
25.7452
22.9739
17.5028
15.1217
12.1564
11.8666
10.6748
10.0329
9.2327
10.9036
30.4773
27.7832
25.5015
21.5918
21.5216
19.3788
14.6058
11.9137
9.1462
6.1385
100000
100000
100000
100000
100000
33.2677
30.7368
28.6335
25.9415
22.8649
36.5271
33.8380
29.1778
23.5154
17.1732
30.3537
27.2221
23.6874
19.9350
14.2479
32.2100
27.3161
23.6847
18.8739
13.1960
37.1502
33.8538
31.8448
30.1527
26.2498
34.2173
30.0986
25.4171
19.5353
13.0739
33.5908
31.7914
29.6947
27.3898
24.9544
35.3558
33.6121
31.5593
29.4038
26.8707
30.0713
27.7796
25.0320
22.4455
19.5543
36.6654
34.5920
32.3031
29.5230
26.1543
34.3052
32.6360
29.3710
25.0188
19.0674
33.8550
29.6773
26.7306
23.1877
19.3148
26.8270
24.0549
22.4533
19.2357
14.9897
31.2283
27.1642
22.4567
17.8658
13.0813
32.2217
29.9192
25.9192
19.6303
11.6656
36.6644
34.3719
30.7751
25.1756
20.4158
34.8315
32.1410
24.6067
18.9231
11.5908
37.8613
37.4911
32.9579
18.8732
14.0570
32.1734
26.0326
28.8742
24.9075
13.7256
27.3857
26.3758
19.8095
17.4587
14.5828
10.6563
10.5492
10.9116
11.0368
11.0791
32.1500
25.6212
26.8111
17.5614
20.1560
19.6306
17.2277
12.0820
12.6609
6.2199
100000
100000
100000
100000
100000
31.7789
29.8757
27.5545
25.0176
22.2135
36.5087
33.5752
29.8380
24.2482
17.2769
30.1600
27.0872
23.7516
19.5359
15.4491
30.4867
28.8486
25.7693
23.9513
17.9094
37.7931
34.3829
30.1465
25.4542
18.4522
36.8925
34.1146
29.0074
20.0522
12.1348
31.2609
29.4095
26.8711
24.5730
22.1539
33.7747
32.3651
30.2196
28.2264
25.7075
25.8465
23.2707
20.2555
17.2638
14.2003
35.1687
33.3988
31.5931
29.2633
26.6275
33.2342
31.3757
28.1738
24.4577
19.2378
32.5087
29.9334
26.8880
23.3621
19.8141
24.6798
19.9513
19.6188
15.3058
13.7639
30.0059
26.2621
21.7936
16.7790
11.3173
29.8077
27.2925
23.4015
18.1453
10.4772
33.8979
31.2176
27.2078
19.5614
13.9090
33.2885
31.1271
27.0449
18.8207
10.0228
20.5906
33.7130
31.8842
29.9806
7.9097
31.0655
18.2946
21.9823
12.9877
20.6801
25.6939
23.2764
16.2030
11.8586
8.2561
10.0361
9.7692
9.7522
8.0214
11.1960
28.2570
23.9176
23.4077
17.9619
20.1155
19.0918
15.0660
12.0650
9.5429
6.4188
100000
100000
100000
100000
37.6815
29.6659
27.3131
25.3383
23.0637
20.3808
34.3644
32.8632
29.8812
25.4906
18.4540
28.4177
26.1366
22.6779
19.3945
14.1387
29.3473
25.4245
23.3652
19.9165
16.8891
35.2711
32.0807
28.6799
26.0841
17.3404
33.7952
31.3358
26.9894
20.0458
10.3499
32.1049
29.9749
27.8093
25.1292
22.3017
34.8991
33.2355
31.2126
28.9365
26.7749
25.5468
22.7166
20.2907
17.0655
13.9674
35.9106
34.4931
32.5882
30.2839
27.4799
34.8532
33.0768
29.7488
25.5685
19.9383
32.2070
28.8865
26.0219
22.9238
19.2621
26.5596
22.0040
19.4233
15.4241
11.9910
30.2025
26.1401
21.6331
16.9149
12.1883
29.9509
27.7192
23.6371
18.6458
11.2821
33.8764
31.5520
27.0029
19.3888
14.2397
33.1137
29.9964
24.7000
15.5005
7.9323
35.8385
28.9406
32.7198
29.7621
10.6670
34.1760
27.3230
21.5710
17.8797
9.9479
24.8144
23.4777
18.8180
14.2674
11.8608
10.5197
10.0025
9.1419
9.1556
11.5506
29.5941
26.1645
24.7299
19.8248
21.9434
19.4868
15.4351
12.1280
9.6123
6.3951
100000
100000
100000
100000
100000
31.0156
28.7890
26.3477
23.7626
20.9645
35.2919
32.9528
29.0917
23.3352
15.7905
29.0634
25.9790
22.5164
18.5187
13.2213
30.2580
26.7320
22.9771
19.2669
14.3457
35.3118
32.1174
28.0843
23.6255
13.3226
33.0890
29.8559
23.9650
16.3004
7.8465
32.8538
30.7345
28.3964
25.9282
23.1688
35.3013
33.7902
31.7303
29.6695
27.2781
26.4459
23.9089
21.1273
18.1732
15.1627
36.4475
34.3180
31.7435
28.7062
25.3217
35.3033
33.5510
30.2620
26.2112
20.5799
32.8829
30.4052
27.5953
24.2738
20.3952
25.1019
21.3596
17.4599
14.1597
10.6316
31.7427
27.9096
23.5469
18.9292
14.1981
31.3165
29.1147
25.2843
20.4373
12.3696
35.5227
33.1474
27.9329
20.8266
15.3156
31.1058
25.3798
19.1588
14.6668
9.0924
33.0381
34.3431
20.8788
15.3633
13.3499
29.7766
31.7993
19.4400
13.6642
16.8457
26.4293
26.1413
22.0939
18.0716
15.2728
10.4132
9.6878
9.2426
8.6689
10.5849
30.3177
26.3965
25.5084
19.4360
22.7986
19.9114
15.4729
12.5373
9.8887
6.8065
100000
100000
100000
100000
100000
31.7267
29.2603
26.9703
24.2300
21.2046
33.1153
27.9064
22.4268
17.0313
11.8768
28.1212
25.4396
22.1393
18.3987
12.2556
31.7656
28.2586
23.8316
21.2198
17.0554
32.2418
28.0899
24.4651
19.7402
15.3511
31.6295
27.7292
22.6018
14.7177
9.0646
31.7486
29.5303
26.9984
24.5793
21.7942
34.4292
32.2811
30.5528
28.3276
26.1822
25.0562
22.5470
19.6272
16.5823
13.2446
31.1731
29.3466
27.1705
24.7949
22.1923
33.8546
32.1442
28.8201
24.9982
19.8232
32.1754
28.3556
25.0064
22.2154
18.6398
25.3252
21.0462
17.5409
13.8098
8.5205
30.6841
26.8531
22.4246
17.3801
11.9124
29.4897
27.1589
22.9692
17.9347
10.6284
31.1399
29.0270
25.0157
18.5551
13.1055
30.9097
28.8792
25.1894
15.7316
7.3590
26.5907
31.7468
30.3706
29.3731
9.2245
30.4991
14.1129
11.8747
12.7079
18.8117
24.2802
22.5082
16.4883
12.7873
9.5424
12.3566
9.9646
8.6227
7.3877
11.5298
27.4210
24.1297
22.9385
18.2228
20.7595
19.0620
15.2935
12.1108
8.9651
6.5371
100000
100000
100000
45.2312
37.2733
29.3396
27.7688
25.3671
22.9719
20.0858
32.2612
29.4367
26.3837
21.6507
15.4255
27.8958
24.8259
21.5151
17.7745
13.0731
31.0095
27.0614
21.8260
16.0456
10.0791
34.9779
31.8597
28.7768
26.2220
14.0038
30.3206
27.7370
24.2404
17.3564
7.2357
32.6874
30.7063
28.5006
26.1373
23.4928
33.8406
32.1233
29.9579
27.8927
25.4495
28.7620
26.4288
23.6351
21.0126
18.0558
32.1752
30.0441
27.8303
25.3626
22.7383
33.4457
31.7058
28.2439
23.9136
18.7471
34.1929
31.9332
29.0279
25.2926
21.1477
24.4894
21.6920
19.1693
16.1620
13.1614
33.8000
29.6450
24.5607
18.4424
12.1318
31.2823
29.1345
24.6197
19.1859
12.0590
26.1817
25.7366
23.0696
20.8548
16.2869
33.2545
32.1421
29.3733
28.2102
23.6979
26.6391
26.3341
25.9313
25.3216
23.6304
31.2839
32.7206
28.1991
28.2891
23.3866
27.5451
23.8169
19.7216
18.0432
16.1053
11.4273
11.2165
10.4794
11.0974
12.8419
28.1012
29.1143
19.6856
22.5364
13.9760
20.5367
17.8242
12.9250
12.9600
7.2358
100000
100000
100000
100000
100000
33.0147
31.1534
29.0365
26.4795
23.9627
32.0642
29.7967
28.3372
26.9298
25.2894
29.2811
26.9567
27.2564
20.9392
17.4178
35.0924
32.3190
26.5821
23.7548
19.6533
40.3389
39.6271
37.6565
36.2132
34.6138
33.9589
32.9267
31.1473
28.5193
22.3996
