45.0301
40.9358
36.8018
33.0705
29.3541
52.8707
49.1773
44.9823
40.8957
36.9025
36.5660
32.6933
29.1567
25.6455
22.3813
59.4021
55.3185
50.1577
45.1604
39.5744
53.3195
49.5816
42.8983
36.0484
29.0038
43.3939
39.4409
36.1764
32.5081
28.5146
40.7841
35.5710
33.1649
28.4619
24.0636
41.5668
33.7729
27.1004
22.1171
18.7157
41.7124
36.8120
30.3855
24.8733
19.7414
53.7808
47.8649
36.9378
26.4077
21.6853
46.4334
39.5805
32.7499
25.1456
19.1612
34.4359
32.8763
28.2882
25.4900
22.8030
38.7402
28.8316
25.2072
23.6559
24.0178
32.9373
29.7383
25.2393
23.2776
21.0380
23.2449
22.3795
21.9986
21.4101
22.6498
29.7585
25.3266
19.3196
15.7786
13.3936
34.7867
28.3414
26.0851
21.1461
19.6729
100000.0000
100000.0000
100000.0000
100000.0000
100000.0000
44.8368
40.5923
36.4692
32.5411
28.8824
54.3374
49.3432
42.5703
34.0271
25.2530
40.5833
35.7557
31.0798
26.6618
22.7885
43.7953
37.9874
30.1555
28.1487
21.8918
52.4584
44.0384
38.9610
32.1772
20.8621
43.6804
37.1880
30.6346
24.1158
18.9979
42.2560
38.4892
35.0168
31.5877
28.3859
49.7744
45.9982
42.2351
38.5154
34.9360
34.9295
31.6518
28.3450
25.0647
22.1146
55.5303
50.6929
45.3691
39.9048
34.5626
50.3054
46.4412
40.1156
33.9898
27.4568
39.9900
35.7873
32.2733
28.9711
25.6450
38.0299
35.1094
32.1546
30.8315
23.8314
45.5592
38.7940
32.6200
27.6079
23.8695
39.8041
36.5995
32.5209
28.3442
21.5768
51.3036
44.5226
35.7714
28.6715
25.0628
38.6027
32.7086
26.7678
22.6300
19.5547
50.7172
32.1127
21.5262
20.9801
18.5130
32.6552
29.2172
25.2438
21.5479
18.8548
32.9205
33.5109
29.8346
28.3545
26.1224
24.1158
23.4130
23.1704
23.2922
23.4009
29.7434
25.3371
19.3572
15.8022
13.7151
37.7037
32.6004
29.3452
26.3523
23.0908
100000.0000
100000.0000
100000.0000
100000.0000
100000.0000
43.3210
39.4114
35.9132
32.3833
29.0325
46.9483
39.1651
31.4410
25.0508
20.1361
37.3473
33.3294
29.6739
26.0551
21.5596
42.1039
37.7349
33.3859
27.6770
21.8600
43.8537
35.0309
26.2314
22.2685
20.3106
38.1537
32.0274
26.2933
22.1318
19.1246
41.3720
38.1008
34.7089
31.3833
28.2401
47.9861
44.6239
41.2288
37.8363
34.4696
34.6686
31.5295
28.2520
25.1424
22.0627
50.7042
46.1876
41.9698
37.3796
32.7177
48.1911
44.8358
39.1693
33.4826
27.4989
40.6626
37.2164
33.9496
30.5045
27.0549
37.0852
32.7208
29.9872
26.7699
21.5128
44.4021
38.1723
32.2722
27.2506
23.3342
42.5440
39.3845
34.7350
29.6430
22.5169
48.8100
44.4808
37.1659
29.5234
24.5755
38.5036
31.5638
26.3658
21.8934
19.0204
34.0992
31.3351
22.1092
20.8601
17.9658
37.2749
28.5620
29.3001
20.6155
16.3199
31.5311
33.5443
29.1429
27.5645
25.3772
24.4987
23.9990
24.4804
24.4600
23.9058
29.7745
25.4607
19.3977
15.9211
13.5241
33.4532
28.6640
25.2739
21.9059
19.1444
100000.0000
100000.0000
100000.0000
100000.0000
100000.0000
40.6982
37.1190
33.8496
30.5117
27.2224
42.6343
36.5439
30.0147
24.1614
19.3796
37.1935
33.5705
30.1519
26.7783
21.6528
44.3529
40.6325
37.0620
29.4711
26.0812
44.4820
35.9078
26.6286
22.8383
20.4869
37.6734
31.5140
25.7044
21.3942
18.6954
41.9976
38.4292
34.9325
31.6134
28.2934
49.6297
45.7142
41.9673
38.4741
34.8368
34.7940
31.5697
28.2041
25.1332
22.0321
47.6369
43.4798
39.6144
35.4459
31.4459
50.1069
46.2843
40.0069
33.9257
27.5764
41.0914
35.8101
32.9328
29.4726
26.0400
37.8634
33.6668
31.2848
26.0971
22.0864
46.4734
39.9193
33.8183
28.6028
24.4800
40.3771
37.3463
33.6969
29.3103
22.5325
50.9526
44.4312
35.8619
28.7966
24.5001
35.2771
29.7338
25.5056
21.3320
18.7728
33.0372
29.8626
29.1187
20.0921
18.4247
33.7567
27.6561
24.2426
22.2691
16.5555
31.4588
36.1002
30.6359
29.1747
26.9604
26.6683
26.0899
25.5364
25.6847
22.5303
29.7878
25.3308
19.3535
15.7887
13.5870
34.8537
29.0524
26.6749
22.1812
20.5353
100000.0000
100000.0000
100000.0000
100000.0000
100000.0000
42.2477
38.7245
35.2031
31.7844
28.5445
43.4752
34.8899
28.0491
23.0511
18.8871
36.3447
32.6635
29.3918
26.3602
20.1431
42.5836
39.0296
34.1821
29.6514
19.7978
44.2685
32.3307
26.1686
23.4390
19.7022
35.2350
29.5010
24.9085
21.4081
18.4173
46.2199
41.9245
37.8482
33.9661
30.0597
54.1386
50.1241
45.9737
41.7747
37.3735
37.2552
33.4558
29.8183
26.3125
22.8844
55.9308
52.2877
47.6702
42.4624
36.8218
53.9436
50.1911
43.2023
35.5399
27.4178
42.5617
38.1403
34.7350
30.7446
26.6648
42.2208
37.2041
32.3722
27.0502
22.9449
43.4956
34.6730
26.7619
20.5895
16.3732
42.9079
38.4147
31.5701
24.0314
16.9252
54.2055
48.0578
37.5800
26.4760
20.8370
49.4607
42.1310
35.1921
28.0326
21.0632
33.8632
31.4514
28.2103
19.8291
20.8311
38.4877
47.6525
30.0090
22.9155
19.6394
32.5458
26.8730
22.2112
19.7903
17.2626
19.9421
20.1933
20.5270
20.7099
25.0749
29.8016
25.4298
19.5548
15.9114
14.0790
31.7893
26.7510
23.0492
20.3633
16.6143
100000.0000
100000.0000
100000.0000
100000.0000
100000.0000
45.0316
41.0151
36.8884
32.8061
28.8317
54.1136
48.5917
42.1031
34.4146
26.9666
41.4687
36.1720
31.4009
26.6388
21.5427
48.7833
42.8492
37.0970
29.6514
24.7894
53.0723
45.5329
40.9533
37.6180
32.0223
44.8544
38.8423
32.9228
26.9226
20.9025
43.5983
39.9912
36.0509
32.4447
28.8669
49.4395
46.0356
42.4636
38.7338
35.0311
36.3332
32.6597
29.0777
25.8916
22.6264
53.8337
50.1621
45.9041
41.2005
37.0894
48.1505
44.8763
39.1610
33.0788
26.5874
41.4869
35.5940
32.2069
28.8620
25.3873
37.2972
33.2260
33.0904
28.2573
24.1651
39.2473
32.4705
26.4221
21.7974
18.5352
40.9569
36.5253
30.5148
24.5987
18.5784
52.5840
47.1278
36.9651
26.7234
21.9754
45.4152
38.2952
31.8513
25.0590
19.1972
34.4364
29.8328
27.3766
24.8246
19.8044
36.9389
36.3937
27.5375
23.2123
20.2494
32.7230
29.2209
24.3455
22.3305
20.1963
22.0470
21.4939
21.2469
20.6963
20.7905
29.7646
25.7275
19.3097
16.3684
13.3393
30.2233
26.4791
21.9535
20.3826
15.8041
100000.0000
100000.0000
100000.0000
100000.0000
100000.0000
40.5882
37.1556
33.7491
30.3104
26.8036
51.2886
46.4333
39.9848
32.8322
24.7972
39.3961
34.8962
30.4479
26.2058
21.8721
43.1766
38.3057
32.6291
28.7478
24.7472
51.3991
43.4701
36.8649
32.5359
20.5289
43.4728
37.6092
31.2468
24.8089
18.9366
43.3552
39.7412
35.9386
32.3748
28.8937
50.6267
47.0674
43.2629
39.6071
35.8658
35.6990
32.2158
28.8104
25.4424
22.2159
57.3670
53.2351
48.3047
42.5469
37.0942
51.0764
47.5337
41.4246
35.1462
28.4728
42.0649
38.8286
35.5308
31.9041
28.2417
39.1683
34.6135
29.8513
25.7004
22.2667
42.8245
36.3457
29.8946
23.9357
19.1081
43.3627
39.6740
34.1150
28.0201
20.9916
51.9186
46.6503
37.6415
27.8883
22.8193
40.5920
33.2375
27.1992
22.0529
18.2526
51.1226
30.3867
27.0485
24.1314
17.0374
34.6277
29.6942
24.7351
20.9626
18.2153
31.6191
31.3655
26.5414
23.9437
22.2841
23.9274
23.0134
22.7021
22.6737
23.1633
29.7738
25.3347
19.3322
15.8016
13.4602
33.8513
27.8071
25.3683
20.9512
19.1049
100000.0000
100000.0000
100000.0000
100000.0000
100000.0000
42.2149
38.7601
35.0997
31.6969
28.2821
45.9743
39.2327
31.7875
25.6600
20.2055
38.0516
33.9086
29.9636
26.3175
21.5599
44.4823
39.3941
33.8883
28.8246
21.5155
47.0204
38.0623
28.4494
26.6826
21.2789
39.8025
33.3290
27.0098
21.9991
18.3008
45.2683
41.3400
37.4324
33.4996
29.8169
52.4580
48.5161
44.5706
40.6192
36.5549
37.1219
33.4816
29.8213
26.2852
22.9668
52.5318
49.1400
44.9780
40.3883
35.6023
52.2675
48.5157
41.9318
34.9490
27.4670
42.1923
36.8456
32.9264
29.0721
25.4109
41.5775
36.6187
33.1772
28.4783
23.5216
38.5058
30.9294
24.2025
18.9057
15.0345
41.9435
37.9528
32.2422
25.5129
17.9450
53.0444
46.9276
37.2252
27.2769
21.7825
46.3945
39.3444
32.6811
28.0989
21.2815
36.7092
32.2199
27.5696
25.8039
16.1234
38.7331
28.0375
31.8427
25.3554
18.8133
32.4357
26.4105
21.2757
19.9583
17.0402
19.8278
19.9472
20.5808
20.8690
23.7082
29.7685
25.6738
19.3202
16.3274
13.4178
29.8496
25.3898
21.2436
19.6426
14.9420
100000.0000
100000.0000
100000.0000
100000.0000
52.7927
43.2543
39.6637
35.8923
31.9959
28.0639
52.5906
47.6608
41.2319
33.7876
27.0401
40.9470
35.9676
31.4666
27.0480
22.3107
45.1372
39.6141
34.2959
28.3578
22.6606
51.3937
43.2277
38.3826
35.6270
32.6724
45.1580
39.0359
33.2433
27.0837
21.1352
42.3110
38.8721
35.4434
32.0422
28.7435
49.2069
45.8817
42.2875
38.7528
35.3646
35.3414
31.9513
28.6189
25.4247
22.1827
52.6435
48.3768
43.5370
38.4215
33.4658
49.4747
46.0590
40.2988
34.4955
28.2639
41.7054
37.9160
34.7792
31.1969
27.5522
38.9341
34.9755
30.5613
25.4651
22.5272
43.1203
35.9056
29.0943
23.2963
18.9174
42.6447
39.1059
34.0235
28.4736
21.0492
49.9508
45.2283
37.6023
28.5414
23.5985
40.0617
34.5873
28.1170
22.3119
18.0408
35.3520
32.4418
27.6522
24.4536
18.2416
33.8507
29.2986
24.5005
22.4719
22.4191
31.6479
30.4463
25.3298
23.2322
21.2859
21.9779
21.7503
21.4777
21.4274
21.8416
29.7651
25.3472
19.3192
15.8118
13.3640
32.0338
25.9719
23.6784
19.2836
17.4481
100000.0000
100000.0000
100000.0000
100000.0000
108.0108
41.7431
38.2245
34.9987
31.5935
28.3325
45.0997
39.0972
32.7228
26.3252
20.6075
38.1765
34.2164
30.3450
26.8687
20.6399
44.1457
39.5025
35.1657
26.2327
24.8668
45.4766
38.5727
31.5669
26.4937
20.5650
40.1975
33.9613
27.5244
22.2099
17.9442
42.5226
38.9263
35.3348
31.8696
28.5180
49.5527
45.8873
42.2415
38.6100
35.0278
35.3145
31.9233
28.5711
25.2912
22.1688
48.6604
45.2473
41.1356
36.8856
32.7541
49.6349
46.0793
40.0451
33.9735
27.6977
42.3492
36.8070
33.6606
30.2079
26.8510
38.3757
34.3719
30.0396
25.2083
21.6689
44.6622
37.4268
30.6567
25.0562
20.8947
41.5660
38.1510
32.8622
27.1677
21.0434
50.5503
45.0953
36.6480
28.1073
23.3901
39.4357
33.3631
26.7836
21.7477
17.8165
47.9293
32.6619
27.2940
20.7027
16.8364
36.9744
28.4021
25.5570
19.9666
21.4418
31.7979
29.6083
25.2079
23.0215
21.7583
22.6693
22.1481
22.0103
21.9524
20.7280
29.7743
25.4230
19.3208
15.8925
13.4113
32.4912
27.2021
24.2211
20.9936
18.0062
100000.0000
100000.0000
100000.0000
62.8983
51.2008
41.4228
37.9592
34.4143
31.1347
27.8319
44.9321
38.3543
31.6522
25.5367
20.0133
37.4969
33.3746
29.7716
26.2229
21.0500
43.7664
37.5416
32.9107
31.4475
24.9098
48.3976
39.2711
28.1961
22.0679
18.7467
39.6191
33.4498
26.8397
21.5763
17.6112
43.8089
39.9228
36.2198
32.6771
29.1600
51.4241
47.6734
43.7273
39.9512
35.9925
35.9195
32.2936
28.9631
25.6456
22.5155
57.2127
53.6655
48.6747
43.2008
37.6210
51.8020
48.1591
41.4911
34.3754
26.9888
41.1184
37.6943
34.0797
30.4513
26.4806
41.9222
35.4231
32.0212
27.1265
22.3706
42.2150
34.9977
28.4284
23.2371
19.5401
41.1120
37.1497
31.5766
25.4462
18.8655
52.4680
46.7472
36.5332
27.3487
22.3845
43.5283
37.3678
31.4481
24.2148
18.9537
36.1592
29.4428
27.6147
23.1573
19.6020
30.0815
33.4324
24.0766
21.7819
19.0750
32.8069
28.2873
24.1992
21.8489
20.1916
22.5802
22.4346
22.1950
21.8646
29.3781
29.7530
25.3680
19.5609
15.8198
14.0322
32.8033
26.8761
24.3727
20.7487
18.1231
100000.0000
100000.0000
100000.0000
100000.0000
83.5516
43.8642
39.7856
35.8489
32.0851
28.4977
50.8024
45.0001
38.3961
30.8687
23.5075
39.2046
34.7923
30.2561
26.1840
21.5203
46.0920
40.5665
33.5049
29.1481
24.5210
48.9859
41.6969
37.3305
30.9196
22.3318
42.7604
36.6974
30.6472
24.0022
18.6332
42.1461
38.5633
34.9275
31.5318
28.3871
49.2593
45.5463
41.7171
38.0897
34.6095
35.0843
31.7012
28.4882
25.1741
22.2069
52.5116
48.3824
43.5094
38.4508
33.6960
49.0303
45.3885
39.2748
33.2570
27.0286
40.1584
35.0113
31.6489
28.5097
24.9157
36.5622
33.1861
28.3928
26.8251
22.3052
39.0459
33.3169
28.0809
23.6888
20.0669
39.7230
36.6199
32.3963
27.8760
20.8066
50.9298
44.8166
35.7836
28.5679
24.5390
38.0674
32.2252
26.4136
21.9606
18.6321
49.5490
46.1293
28.0611
20.7645
19.5106
31.8729
32.0129
26.1739
22.0015
30.7374
32.3141
31.8644
26.7819
24.9941
22.4309
21.6611
21.5820
21.6280
20.8953
25.7216
29.7548
25.5363
19.3055
16.0695
13.2959
31.2518
25.9054
23.1205
19.1747
17.0191
100000.0000
100000.0000
100000.0000
100000.0000
100000.0000
41.0989
37.5242
34.0874
30.7184
27.4122
45.1043
37.7225
30.8731
24.7478
19.8934
36.8219
32.9064
29.5228
26.1307
19.5422
43.5757
39.2827
34.7680
28.2688
23.5481
48.1518
38.8332
30.0515
24.9589
20.7858
37.5657
32.4433
26.6412
21.4591
18.1351
46.0142
41.6354
37.3355
33.3218
29.5711
53.7970
49.6135
45.2475
40.9715
36.7647
36.9842
33.1934
29.4087
26.0016
22.5744
53.6480
50.8163
46.6984
42.2854
37.1885
53.1968
49.3997
42.6012
35.5274
28.2615
43.2062
39.3885
35.6714
31.7188
27.8068
42.9282
38.0662
34.4448
29.8094
24.1979
40.6427
32.7154
25.8957
20.8495
17.5099
41.1894
35.9166
29.3661
23.3608
17.7515
53.2742
47.5992
36.4406
25.8822
20.8811
51.6989
45.2833
37.6409
30.2864
22.1479
37.3562
31.3062
22.2104
26.0358
22.2080
42.2111
37.6537
28.3787
25.7798
19.8918
32.5675
25.8328
21.2472
19.8906
17.8684
23.3871
23.0310
23.0038
22.0684
23.7845
29.7735
25.5233
19.3255
16.0195
13.4064
32.1309
28.0806
23.7465
21.4498
17.3931
100000.0000
100000.0000
100000.0000
100000.0000
80.2875
44.2441
40.0713
35.9398
31.8546
27.9762
55.6202
51.1864
45.5818
39.1465
31.7969
41.9587
36.8445
32.1651
27.4987
22.9757
46.4623
40.0735
33.9966
29.3644
22.4330
58.1213
49.6256
44.2740
40.9502
33.7268
45.7615
39.8759
33.6286
28.1440
21.9508
44.8602
40.5480
36.5295
32.7486
29.2128
53.1070
49.0495
44.6495
40.6383
36.5525
36.1576
32.5927
28.9619
25.6231
22.4133
58.0137
54.2859
49.1475
43.4470
37.6899
53.6073
49.5010
42.5170
35.5709
28.3893
42.4712
36.4096
33.6396
30.2060
26.3245
41.8953
37.0357
31.5514
27.4375
22.4693
44.2073
36.1900
28.8731
23.0870
19.1202
40.9464
36.5760
30.9751
25.3267
19.4366
54.0716
47.1789
36.1518
26.5281
21.7748
46.4417
39.2132
32.6425
25.3832
20.0039
38.7687
41.2710
47.6685
24.5735
18.7589
31.1609
35.9416
25.9696
24.1748
19.6622
32.1184
27.9380
23.4682
21.3304
19.3666
22.9120
23.1158
23.2741
23.4032
27.1188
29.7730
25.3510
19.3477
15.8380
13.5386
32.2883
26.3534
23.8947
19.8202
17.6301
100000.0000
100000.0000
100000.0000
100000.0000
100000.0000
43.2485
39.5158
35.4957
31.7909
28.2184
53.4625
47.1241
39.6698
31.4472
23.8861
40.0998
35.1789
30.6877
26.4977
22.2740
48.2447
42.2788
38.0126
29.8699
25.3189
47.4036
39.8149
34.2080
31.0024
23.2721
43.4954
37.4325
31.3848
25.2246
19.3902
41.7493
38.2407
34.8114
31.4730
28.2429
47.6928
44.3165
40.6794
37.1698
33.5982
34.9843
31.8794
28.5715
25.5084
22.4951
47.8345
44.0805
39.7819
35.4050
31.2136
47.2183
43.7781
37.8259
31.6856
25.0809
39.2335
35.5564
31.9305
28.5165
24.8390
35.9036
32.4130
31.6555
26.6792
21.2050
42.0473
36.0848
30.3957
25.4445
21.3773
40.5689
37.3415
32.4486
26.4214
18.6420
49.7581
44.5716
36.6087
28.9132
24.5214
39.7352
32.2678
26.6328
21.7988
18.3562
33.1422
28.1499
27.7056
20.7136
17.4565
39.8982
30.3240
25.6430
20.9031
18.1759
31.7414
32.6732
27.6980
26.2633
24.1739
22.0721
21.5940
21.0080
20.6835
22.2027
29.8156
25.7707
19.5760
16.2418
14.0597
29.1485
28.5529
20.9333
22.5561
14.8965
100000.0000
100000.0000
100000.0000
100000.0000
100000.0000
39.1081
35.6695
32.2161
28.7575
25.4637
45.1009
38.3705
31.7237
25.0690
19.9128
36.9574
32.8341
28.6638
24.2773
19.4799
44.3168
39.6715
34.3768
30.5083
26.0442
46.5460
38.8380
30.1788
26.2211
22.8849
39.2206
32.5849
26.5530
21.6676
18.0738
42.0296
38.4823
34.9289
31.5563
28.2193
49.2730
45.6709
41.9494
38.3776
34.8812
34.9572
31.6596
28.2498
25.1733
21.9380
55.2889
51.1150
46.1009
41.0721
36.3115
49.5494
45.9435
39.8668
33.8694
27.8179
42.0486
36.5975
33.7638
30.3468
26.9957
36.7858
33.8819
29.2697
24.8239
21.7313
43.1426
36.6824
31.0097
26.6935
23.5538
40.7282
37.0642
32.5769
28.0723
22.9510
50.8979
45.2992
36.1100
28.2196
24.1636
38.4257
32.4509
25.9952
21.6384
19.6085
36.0589
32.7347
28.3451
21.5499
19.9268
32.1054
28.7037
28.1304
21.5043
23.9960
32.4703
33.4956
29.4452
27.1736
25.4503
26.0083
24.1702
23.0943
22.1204
26.3931
29.7576
25.3658
19.3022
15.8667
13.2986
33.4486
28.1740
25.3697
21.7619
19.2642
100000.0000
100000.0000
100000.0000
66.5215
51.1140
41.1969
37.6751
34.3549
31.0306
27.7129
45.8779
39.2519
31.7687
24.8552
19.5281
37.1649
33.3184
29.7568
26.8169
19.6118
42.6629
38.8134
33.9894
28.4994
22.6802
49.7292
32.0453
24.3984
21.9051
18.6766
37.9443
31.4797
26.0018
21.8094
18.4383
42.9047
39.3166
35.6510
32.2533
28.7527
50.1327
46.4989
42.8713
39.0114
35.1464
35.3546
32.0480
28.6614
25.6129
22.4665
55.6817
51.5429
45.9316
40.4006
35.3337
50.6698
46.9856
40.3109
33.1910
26.0347
40.8933
36.6718
33.0999
29.7047
25.9315
39.4631
33.8403
27.8734
23.8224
21.3591
44.8572
37.7997
30.9779
25.3576
21.2886
41.2876
37.6576
32.4775
26.0295
18.8181
51.1575
45.6074
36.5021
27.8986
22.9009
40.3875
33.8664
26.4983
21.4015
17.9757
35.8373
31.2348
25.4408
20.2868
17.3388
36.2488
34.9849
25.1124
19.9454
19.5692
32.1524
29.8013
25.6920
24.8879
21.6988
23.6906
22.6016
22.0175
21.4523
25.9561
29.7825
25.3273
19.8112
15.7897
14.3708
31.4352
25.6993
23.2531
19.6068
17.0946
100000.0000
100000.0000
77.8698
63.0446
61.5647
42.7572
38.9772
35.4405
31.7294
28.5337
46.4796
39.8317
32.8539
25.8246
19.9522
37.2952
33.0846
28.9908
25.1212
20.4830
41.9559
37.5993
31.4649
27.3473
21.3444
50.2441
42.7318
29.3753
24.1346
19.5372
38.6106
33.4535
26.8876
21.4463
17.7223
44.3444
40.4169
36.3542
32.8407
29.0750
51.9112
48.0514
44.1243
40.0823
36.0558
36.0907
32.5226
28.9100
25.5933
22.4387
51.7521
48.1894
44.0054
39.2546
34.4277
52.2461
48.4677
41.8373
34.9270
27.5258
41.6615
34.9934
31.8565
28.4770
24.7861
40.8212
35.2516
30.0553
27.2971
22.8065
45.6619
37.0037
29.2143
23.1115
19.0353
40.9925
36.5720
30.4053
24.4258
18.3616
51.7750
45.7812
36.1707
26.5176
21.8310
45.6078
39.1962
32.2794
24.3982
18.8498
33.8719
26.4254
28.2150
25.0284
16.0532
31.4021
30.2747
30.6801
23.0955
20.1279
32.3019
28.3362
23.4812
21.8064
19.4200
21.3060
21.3586
21.7003
21.3328
22.5328
29.7784
25.4089
19.4215
15.8756
13.7459
34.0072
29.3369
25.3307
22.6150
18.9862
100000.0000
100000.0000
100000.0000
100000.0000
100000.0000
43.8825
39.6796
35.7082
31.9228
28.1463
50.9075
45.1725
38.6799
31.2791
23.8965
39.7259
34.8251
30.2266
25.7375
20.9780
46.2608
40.0969
33.1825
27.2980
23.9312
49.2438
41.8875
37.9146
32.3821
25.2917
43.5854
37.4874
31.0265
24.6011
18.5596
43.8294
40.1446
36.3745
32.8248
29.2265
51.1016
47.5235
43.8105
40.0314
36.2803
36.1233
32.6035
29.1020
25.7796
22.5368
58.1289
52.6440
46.9712
42.1797
34.8467
51.5352
47.8535
41.6000
35.1804
28.2576
42.8514
39.2180
35.3568
31.8575
27.7051
40.1375
35.4654
31.2774
26.5234
22.8202
39.1880
31.8278
25.1992
19.8835
16.2509
41.9040
38.0629
33.0428
27.5360
20.4337
52.2365
46.3704
37.1950
27.9682
22.7131
41.9782
36.5042
31.3230
24.9559
19.1366
35.8888
30.5668
29.4648
19.2609
21.8307
37.3121
32.2297
28.3418
24.0987
18.2388
32.6330
28.9025
24.7848
22.6518
20.6245
21.3947
21.6217
21.8511
21.5669
23.1261
29.7595
25.4140
19.3221
16.0019
13.3797
31.3275
25.7694
22.8229
19.5043
16.5380
100000.0000
100000.0000
100000.0000
100000.0000
100000.0000
43.5951
39.8332
36.0604
32.2631
28.5428
49.3585
43.0547
36.1729
28.8784
22.5530
39.2791
34.8929
30.4965
26.6701
21.9815
44.7726
39.0141
34.8858
29.8797
22.3065
46.6895
39.0276
35.0580
32.2394
26.8277
41.4717
35.4117
29.4808
24.0774
19.4078
40.1855
36.9457
33.7940
30.4753
27.2808
43.3430
40.2039
36.8853
33.5613
30.2313
35.9378
32.6279
29.3588
26.2512
23.2052
50.7021
46.7137
42.0936
37.1827
32.3528
41.9141
38.8220
33.5665
28.1075
22.2897
37.6824
32.1134
28.7134
25.1658
21.8094
31.3155
27.8254
31.1414
27.7039
19.4401
38.5250
32.6961
27.1315
22.3885
18.5804
38.7259
35.2242
29.7837
23.2162
16.1320
50.6155
46.6564
38.8052
30.0793
25.0938
40.9013
35.3346
28.1237
22.4946
18.2633
34.2769
51.8102
28.2356
21.5683
17.7564
41.4733
29.9865
32.1632
21.9291
17.3191
32.1131
28.8633
24.5132
23.0108
20.7744
19.5610
19.6143
19.9680
20.0678
20.5841
29.7563
28.0395
19.3791
18.7383
13.5395
26.8470
23.8920
18.6485
18.5261
12.5686
100000.0000
100000.0000
100000.0000
100000.0000
100000.0000
36.9692
33.7650
30.5526
27.3076
23.9850
46.1481
40.6071
34.2529
27.2624
20.9904
35.5042
31.2401
27.1631
23.0578
19.2922
40.8526
38.3905
34.0454
31.4716
25.6013
48.2046
41.1041
33.7853
28.0888
21.6835
41.4348
35.2985
28.3484
22.4730
18.3084
42.8711
39.3408
35.8153
32.3066
28.9279
49.3422
46.1108
42.4958
39.0737
35.4480
35.7075
32.2966
28.9649
25.5849
22.2322
55.6431
52.0404
47.6271
42.3998
37.2689
49.1224
45.8012
40.1182
34.2374
27.8895
42.3701
38.9514
35.7317
31.7183
28.1252
39.5266
34.0933
32.0473
27.0813
24.6631
41.9367
34.5588
27.8642
22.6121
18.8609
42.4004
38.4322
32.3339
25.7502
19.7498
50.3564
45.8015
37.8807
27.7344
22.3437
44.7276
38.8300
32.2063
24.5019
18.8745
28.2755
32.9527
28.1214
24.9528
15.8312
37.1255
29.1496
26.5016
20.9277
20.9377
32.6645
28.3892
23.7419
21.3180
19.1288
21.8236
21.5727
21.6607
21.2810
23.5804
29.7709
25.4548
19.3169
15.9333
13.3884
32.8870
28.1528
24.4983
21.3934
18.2014
100000.0000
100000.0000
100000.0000
100000.0000
61.6092
41.5403
38.1294
34.8152
31.3858
28.0983
48.6567
44.3167
39.0779
32.1143
24.3172
39.8672
35.6484
31.1950
26.9648
22.5750
43.2128
39.0630
34.9216
31.0088
27.4284
50.0818
42.7599
36.2884
31.7603
22.1709
44.0713
38.0247
30.9370
24.1783
18.7672
43.1145
39.3183
35.6014
32.0060
28.6210
50.3998
46.5696
42.7991
38.9255
35.3357
35.4854
32.0234
28.6528
25.3609
22.1978
54.0541
50.2905
45.5374
40.6145
35.7276
50.7412
47.0042
40.6375
34.3089
27.8874
41.7434
36.5919
33.2623
29.9363
26.4365
39.9226
34.6570
31.5052
27.3868
24.0851
41.8030
35.1171
28.9159
23.8868
20.3024
40.5617
36.3547
31.1746
26.5399
20.9790
50.3467
45.2774
35.9940
27.3142
23.2738
43.2245
36.5906
29.7595
23.3883
18.7150
55.6754
30.9674
28.6164
25.0393
17.5668
37.4828
31.4650
27.5838
23.0638
20.8509
32.2717
30.4610
26.2950
23.5629
21.6984
23.2021
22.9792
22.5575
23.0003
25.1424
29.7594
25.5038
19.3086
15.9904
13.3169
32.2697
27.6034
24.0165
20.8708
17.8403
100000.0000
100000.0000
100000.0000
100000.0000
100000.0000
42.0228
38.3504
34.8645
31.3122
27.9013
49.7889
44.1734
36.7901
29.1287
22.2564
38.8760
34.3168
30.1286
26.3295
22.3026
44.0343
39.5622
35.2894
30.4626
25.8873
47.9150
40.8119
33.6372
27.6565
20.9521
41.9149
35.6362
29.1377
23.2097
18.5868
41.6864
38.2360
34.8191
31.6098
28.2752
48.3115
44.9069
41.4030
37.9487
34.5256
34.8424
31.6299
28.3992
25.2033
22.0990
53.6442
48.5218
42.8642
37.3979
32.7270
48.7400
45.2532
39.4440
33.6358
27.5179
40.9642
37.5328
34.1998
30.7082
27.1588
37.1056
32.6081
28.5695
25.1528
21.8311
43.3915
37.0076
30.7445
25.3378
21.4455
42.3526
39.2090
34.6849
29.4620
21.8962
49.6783
44.8823
37.2860
29.3119
24.3426
38.5085
32.0629
26.9754
22.7369
19.1705
39.0744
47.1369
24.9479
21.1381
18.2084
36.3951
30.9379
26.8359
20.3799
19.7769
32.9701
31.6709
28.7548
25.7429
23.6501
21.1771
20.9799
20.8394
20.6464
22.2745
29.7910
25.4503
19.3418
16.0065
13.3599
31.5499
26.4237
23.3887
20.1311
17.2584
100000.0000
100000.0000
100000.0000
100000.0000
100000.0000
40.9308
37.3959
34.0042
30.5765
27.1821
41.9292
35.6495
29.7185
24.7595
20.2640
37.0681
33.6959
30.2703
26.8624
21.7489
44.1301
39.6893
35.0032
31.5012
27.0951
46.0137
38.0527
30.0305
26.0622
22.2021
38.5487
32.5527
26.5388
21.7557
18.9740
43.6947
39.8704
36.0197
32.3849
28.7854
51.1776
47.3627
43.3163
39.5595
35.7825
35.7544
32.2568
28.7467
25.5298
22.2696
49.0856
45.4024
41.3431
37.1904
33.2195
51.3332
47.6621
41.3068
34.9210
28.4156
42.8416
37.1446
33.9765
30.4237
26.7876
39.2656
34.5234
30.0715
26.0188
21.4824
43.4743
35.8346
29.0460
23.7471
20.0279
41.7263
37.4694
31.6509
26.0915
20.4713
49.6665
44.9309
36.0097
27.1157
22.3624
42.9072
36.6991
30.3388
23.5372
18.5963
34.0969
31.0073
28.9705
25.2025
16.9814
30.6197
26.6439
24.3085
21.3316
18.8054
32.2296
29.3005
24.9877
22.8173
20.7781
25.9810
24.0512
22.9974
22.0756
26.5251
29.7711
25.4149
19.3077
15.8797
13.2972
34.4187
29.7624
26.0275
22.4697
19.7166
100000.0000
100000.0000
100000.0000
76.9844
61.1929
42.7907
39.0688
35.2815
31.6446
28.0593
49.1738
43.1011
36.6028
29.2265
22.5167
38.6372
34.2157
29.9572
26.2685
22.3929
46.0229
40.5162
33.8383
27.4219
22.6594
50.4029
42.6085
36.1502
31.4758
21.2014
42.6254
35.9940
30.0772
23.3347
18.2977
42.7282
39.5965
36.2135
32.8555
29.4340
46.9671
44.1145
40.9332
37.7494
34.2653
36.6487
33.4032
30.0137
26.7616
23.4496
46.3337
42.4015
38.3224
34.0012
29.7030
46.8912
43.9137
38.5265
32.5991
26.0858
41.2354
38.1435
34.6675
30.7743
26.7558
34.3131
31.3441
28.6401
25.1535
21.9322
30.9723
23.8686
18.5664
15.0583
12.8662
44.6016
40.6898
34.4650
26.1725
17.9696
36.1041
35.3478
31.8910
27.3250
21.8665
45.7936
44.2238
39.2925
36.4038
29.3363
36.6801
31.1088
27.9959
24.7085
22.3174
34.5373
41.0744
27.9286
31.6673
24.0827
31.9967
23.8126
22.8479
21.7627
20.1106
18.8526
19.2755
19.1418
19.7882
22.5335
30.8219
25.8434
20.4589
16.4044
14.5720
30.5079
27.6484
21.5710
21.6574
15.1091
100000.0000
100000.0000
100000.0000
100000.0000
100000.0000
42.1163
38.9056
35.6107
32.1064
28.5703
47.1639
43.3115
39.9717
37.0907
33.0317
40.3275
36.5403
37.4257
28.1451
24.0616
43.7886
40.2171
34.8617
31.6744
27.1070
55.8152
48.3548
42.5046
38.7722
35.8323
47.0333
43.0927
36.9371
29.6946
23.4583
