37.7986
34.8603
31.7803
28.8064
25.8135
43.6058
40.7913
37.7624
34.8342
31.7926
37.8428
34.7832
31.8054
28.7773
25.7710
37.5238
34.4665
31.4043
28.6449
25.5079
37.7559
34.7841
29.8031
24.8012
19.7990
38.2337
34.7296
31.8042
28.9203
25.7707
37.3448
33.5403
31.3747
28.0516
25.2974
35.2849
30.4650
26.6019
24.0550
22.2914
36.0239
32.8353
29.0338
25.9503
22.7667
34.9589
31.9585
28.7633
25.7280
23.6522
34.6475
31.6359
28.6608
25.4854
22.4568
34.1293
32.4649
28.5006
25.2380
22.6117
35.2607
30.8668
28.4284
25.6480
22.1374
34.1414
30.9755
28.2632
26.5240
24.7349
28.2477
27.2588
26.7259
26.0526
27.1397
33.8659
29.4410
23.4448
19.9056
17.5174
37.5502
31.5768
29.6305
24.7966
23.6158
100000.0000
100000.0000
100000.0000
100000.0000
100000.0000
37.3804
34.4074
31.4237
28.4000
25.4177
34.7637
31.5610
28.5548
25.4388
22.3922
35.1206
32.0363
29.1250
26.3592
23.7919
35.4861
32.3630
28.4156
26.9200
22.4236
42.2166
37.1546
34.1519
31.4844
23.2829
34.7750
31.5878
28.4617
25.4044
22.3386
37.8247
34.8405
31.8286
28.8553
25.8985
43.6322
40.7907
37.8290
34.8925
31.8789
37.8240
34.8835
31.8334
28.7645
25.9038
38.0921
35.0867
32.0890
29.0332
25.9327
37.7583
34.7930
29.8296
24.9457
20.3004
36.7713
32.9942
29.7333
26.7437
23.7993
37.8832
35.8099
33.2444
32.3820
27.0771
41.2053
36.4800
32.6558
29.9789
27.8510
37.5137
35.5070
33.0904
30.5115
25.3461
38.4474
36.1661
33.2956
30.3223
28.2475
35.2571
32.3708
29.4986
26.7352
23.9113
46.5169
32.0397
28.0441
25.3095
21.9752
34.5502
31.8574
29.3494
25.3345
22.5006
34.6670
35.3028
32.7964
31.8309
29.9462
28.8582
28.0966
27.8176
27.9414
27.8594
33.8494
29.4494
23.4810
19.9279
17.8383
41.0077
36.1572
33.2105
30.1790
27.2085
100000.0000
100000.0000
100000.0000
100000.0000
100000.0000
38.5973
35.5967
32.6517
29.6275
26.6282
34.9525
31.8580
28.8744
26.0985
23.4311
35.7191
32.9119
30.2257
27.6767
24.8244
36.0430
32.5932
28.9517
26.7697
22.9463
41.7891
36.2817
29.3353
26.5970
24.6995
35.2008
32.1134
29.2111
26.4610
23.4709
37.8580
34.9114
31.8590
28.8360
25.8534
43.6265
40.7562
37.7933
34.8231
31.8303
37.8304
34.9339
31.8444
28.8653
25.8760
37.4680
34.2963
31.4780
28.4672
25.4473
37.7858
34.8197
29.8514
24.8725
19.9511
37.4461
34.3163
31.2844
28.2634
25.2374
38.4719
34.8724
32.3168
29.7784
25.1718
41.8853
37.1379
33.1753
30.1825
27.6570
40.8748
38.4506
35.1818
31.6441
26.3147
40.5076
37.9117
34.6711
31.0916
27.9579
35.2357
32.4395
29.5301
26.3220
23.5884
34.3577
32.0291
28.7613
26.2905
22.5123
35.6167
31.8048
30.2287
25.4111
21.8833
34.2990
34.7150
32.0732
30.9165
29.5219
29.1361
28.6185
29.0720
29.0259
28.4664
33.8839
29.5650
23.5230
20.0424
17.6503
37.2743
32.5863
29.3418
25.9896
23.3306
100000.0000
100000.0000
100000.0000
100000.0000
100000.0000
37.1780
34.1906
31.1901
28.2135
25.2085
35.1795
32.0942
29.0320
26.0734
23.1662
36.2737
33.3916
30.5811
27.8249
24.6785
36.9792
33.7331
30.7265
27.1069
24.9174
42.3512
36.8641
29.7966
27.1245
25.0682
35.2569
32.2971
29.1652
25.9844
23.2381
37.8026
34.8520
31.7995
28.8323
25.8722
43.6096
40.7776
37.7811
34.8700
31.8058
37.8014
34.8652
31.7761
28.8403
25.8506
37.6603
34.6428
31.8069
28.6280
25.4397
37.7601
34.7950
29.8345
24.9103
20.0021
37.7314
32.9228
30.2036
27.2517
24.2177
37.9483
34.9190
33.1258
29.0062
25.0161
43.2770
38.5783
34.6595
31.6123
28.9266
38.8202
37.0838
35.0439
32.2335
26.5641
40.0096
37.9284
35.0663
31.5020
28.4214
35.2214
32.4243
29.5341
26.0584
23.3543
34.5697
31.1355
29.8222
25.7114
23.4998
34.6774
31.5494
28.4777
25.6623
22.2344
34.6030
38.1486
34.5891
33.3248
31.4734
31.3659
30.6498
30.0111
30.0514
27.0107
33.8903
29.4443
23.4768
19.9149
17.7120
38.6345
33.0351
30.7638
26.3057
24.7561
100000.0000
100000.0000
100000.0000
100000.0000
100000.0000
38.0325
35.0716
32.0683
29.0739
26.0524
34.9752
31.8913
29.0873
26.2702
23.2315
35.8811
33.2451
30.5601
27.9242
23.9841
36.3491
32.8714
29.6819
26.0003
22.2113
41.9074
33.7802
29.9505
28.0750
24.3649
35.1673
32.3217
29.1893
26.1701
22.9688
37.8582
34.8994
31.9362
29.0111
26.0742
43.6240
40.7836
37.8043
34.8945
31.8837
37.8499
34.9599
31.9652
28.9995
26.0165
37.4401
34.5631
31.4820
28.5248
25.5612
37.8073
34.8649
29.9801
25.1379
20.2965
36.7751
33.3070
30.2876
27.2146
24.2013
38.2039
34.9855
31.6273
27.8128
24.6320
34.5117
29.7275
25.5954
22.5028
20.1728
37.5065
34.6318
30.2001
25.0556
20.2976
35.9116
32.4463
28.5030
24.9035
22.4953
35.2360
32.0642
28.9510
25.9832
22.8153
33.8227
31.8402
28.5225
26.3079
21.4301
34.9895
38.8284
28.4417
25.6663
22.3841
34.0771
28.6893
25.3927
23.5092
21.4376
24.5106
24.6781
24.9780
25.1298
29.5238
33.9023
29.5190
23.6565
20.0192
18.1692
34.7010
29.9796
26.7602
24.0136
20.7313
100000.0000
100000.0000
100000.0000
100000.0000
100000.0000
37.5050
34.5409
31.5571
28.5354
25.5633
35.0938
31.8570
28.7471
25.6702
22.7094
35.6123
32.4326
29.3825
26.4417
23.2313
37.2504
34.1247
30.8606
27.0070
23.5631
42.5197
37.7285
34.9037
32.7665
30.2659
35.4777
32.2697
29.0666
25.8900
22.8093
37.9812
35.0040
31.9673
29.0043
26.0071
43.5669
40.7132
37.7345
34.7487
31.7271
37.9725
34.9758
31.9208
29.0383
26.0627
37.5457
34.6701
31.6208
28.4620
25.7876
37.8884
34.9345
29.9957
25.0316
20.0415
37.2880
32.2768
29.1968
26.2431
23.2273
37.2233
33.8866
32.0158
28.7996
25.7110
35.1608
30.3176
26.4744
23.9547
22.1356
36.7763
33.8066
29.7516
25.8179
21.7711
35.9463
32.7243
29.1870
25.9842
23.8544
34.8871
31.7512
28.6425
25.5325
22.4288
35.0388
30.7469
28.2064
25.7212
22.3456
35.3487
32.1377
28.7932
25.3827
22.3025
34.2364
30.2418
27.0057
25.5922
23.9820
26.5445
25.9400
25.7014
25.1273
25.0459
33.8731
29.8272
23.4352
20.4855
17.4641
33.8261
29.9931
25.8094
24.0300
19.8003
100000.0000
100000.0000
100000.0000
100000.0000
100000.0000
37.1754
34.1839
31.2062
28.2076
25.2012
34.8279
31.7303
28.6193
25.6237
22.4980
35.3140
32.2481
29.2793
26.4536
23.4298
36.0835
32.7129
28.9187
25.9286
23.6307
42.3106
37.2279
34.0568
31.7876
23.1777
35.1264
31.9199
28.6863
25.5375
22.3488
37.8101
34.8432
31.7936
28.8299
25.8116
43.6487
40.7625
37.7785
34.8193
31.8234
37.8178
34.8409
31.8390
28.8023
25.8011
37.5377
34.4650
31.5261
28.4235
25.5579
37.7512
34.7828
29.8101
24.8152
19.8279
37.6636
34.6201
31.7421
28.7288
25.7778
38.5132
35.3260
31.3744
28.0493
25.1904
40.4849
35.6416
31.3255
27.5190
23.9587
40.2664
37.7625
34.1284
30.0157
25.0644
39.7795
36.9857
33.4716
29.3774
26.3310
35.2133
32.3473
29.4375
26.1235
23.0007
45.5702
32.1128
28.3518
26.1743
22.3024
36.6267
31.4048
28.5624
25.4386
22.5755
34.4451
33.1821
29.9948
28.1334
26.6894
28.5535
27.5680
27.2014
27.1246
27.6876
33.8828
29.4483
23.4576
19.9268
17.5813
37.3558
31.6673
29.4309
25.0836
23.4219
100000.0000
100000.0000
100000.0000
100000.0000
100000.0000
37.3600
34.4316
31.4109
28.4217
25.4361
35.0367
31.9543
28.9300
26.1764
23.1490
35.9107
33.1138
30.2017
27.5011
24.1866
36.7352
33.2450
29.9644
26.7206
23.5077
42.9165
37.4715
30.3703
29.4270
25.5627
35.2557
32.1706
29.2044
26.1424
23.0449
37.8871
34.9380
31.9131
28.9689
26.0275
43.5787
40.7033
37.7524
34.7794
31.7729
37.9334
35.0162
31.9672
28.9780
26.0210
37.5320
34.7190
31.6967
28.6987
25.7592
37.8254
34.8748
29.9484
25.0433
20.1495
36.8161
32.4015
28.8690
25.8016
22.7922
37.6292
34.4078
31.7729
28.5868
25.0561
33.1117
28.1562
24.0935
21.3000
19.2093
36.8181
34.1755
30.4221
25.9797
20.8789
35.6184
32.4150
28.4469
24.8243
22.5034
35.0584
31.9757
28.5862
25.6091
22.5379
36.3694
32.6284
28.0411
25.9489
23.0098
35.1487
30.9086
28.1912
25.7741
22.4070
34.2177
27.9559
24.4983
23.4215
21.1960
24.4211
24.5651
25.0667
25.3006
28.1496
33.8763
29.7120
23.4446
20.3954
17.5401
33.1807
28.8558
25.1804
23.2928
19.1727
100000.0000
100000.0000
100000.0000
100000.0000
55.3117
37.4885
34.5737
31.6317
28.6113
25.6112
34.9949
31.8390
28.7007
25.5463
22.6344
35.3690
32.2335
29.3005
26.4685
23.4576
36.5826
32.9850
29.5867
26.5625
23.4824
42.2240
37.3487
34.2561
32.3728
30.2548
35.3290
32.1128
28.9135
25.7785
22.5971
37.8306
34.8498
31.8127
28.8351
25.8122
43.6403
40.8010
37.7748
34.7927
31.7821
37.8418
34.8612
31.8366
28.8472
25.8006
37.2694
34.4094
31.4470
28.4967
25.6728
37.7569
34.7915
29.8105
24.8187
19.8869
37.5703
34.3487
31.5226
28.4650
25.4195
38.3134
35.2937
32.0582
27.9503
25.1871
39.2255
34.3263
30.0725
26.6695
23.8016
39.2834
37.0029
33.6808
29.9761
24.8856
38.9827
36.2762
32.8286
29.0620
26.3237
34.9879
31.9318
29.1211
25.8267
22.7816
35.7250
32.8950
28.4051
25.4259
22.5162
34.0878
31.4501
28.3390
26.4267
22.1141
34.0801
32.1878
28.9140
27.5245
25.6582
26.6656
26.3807
26.0686
25.8389
26.1456
33.8658
29.4577
23.4412
19.9339
17.4875
35.7229
29.9329
27.8077
23.4166
21.7871
100000.0000
100000.0000
100000.0000
100000.0000
96.2956
37.4875
34.5343
31.5900
28.5810
25.6026
34.9646
31.8177
28.6640
25.7941
22.8517
35.8104
32.9513
30.1802
27.5070
23.7084
36.2839
33.1409
29.9842
26.1337
24.1703
42.7497
37.7947
33.8338
28.7682
24.9341
34.9687
31.9487
28.9001
25.9011
22.6930
37.8638
34.8723
31.8345
28.8493
25.8537
43.5892
40.7409
37.7472
34.7664
31.7725
37.8619
34.8787
31.8404
28.8084
25.8503
37.3022
34.7955
31.8779
28.8989
25.9997
37.7827
34.8169
29.8481
24.8446
19.8107
38.3145
33.5362
30.5591
27.4876
24.5709
37.9426
35.1725
31.8598
27.9654
24.7791
39.8267
34.9831
30.8479
27.7199
25.1825
39.0666
36.7801
33.3059
29.2951
24.8810
39.2458
36.5946
33.0157
29.2613
26.4612
35.0081
31.9443
28.8404
25.6302
22.6311
43.1097
33.6814
28.4443
25.3993
22.1754
34.2058
31.4955
28.7731
25.6705
21.7749
34.2341
31.6779
28.7023
27.1270
26.0411
27.2894
26.6975
26.4678
26.4344
25.1788
33.8749
29.5230
23.4421
20.0130
17.5346
36.1519
31.0596
28.2706
25.0123
22.2442
100000.0000
100000.0000
100000.0000
64.7281
54.3315
37.4388
34.5075
31.4820
28.5066
25.5253
34.9813
31.9249
28.7599
25.7939
22.7180
35.7849
32.9177
30.2109
27.3638
23.8575
36.1468
32.7885
29.1295
26.4207
23.2547
42.6412
37.4174
29.5640
25.9162
23.6493
35.2532
32.0717
28.7154
25.6084
22.4304
37.8181
34.8833
31.8864
28.9812
26.0493
43.6311
40.7975
37.8310
34.8860
31.9133
37.8414
34.8481
31.9238
28.9309
26.0444
37.4916
34.9106
31.8940
28.9167
25.9732
37.7671
34.8265
29.9507
25.0680
20.1370
37.1205
33.8476
30.7381
27.7002
24.5794
38.5089
34.7211
32.4385
29.1468
25.1274
36.5016
31.7363
27.8932
25.2340
23.2235
37.1993
34.5659
30.8644
26.8218
22.2933
36.6226
33.5193
30.0491
26.9104
24.5728
34.8659
31.8178
28.5935
25.8051
22.7182
35.8128
33.3184
28.1645
25.2465
22.2922
34.1568
31.1525
28.6954
25.1795
22.7177
34.2813
29.5285
27.3012
25.5416
24.3339
26.7872
26.6645
26.4684
26.1288
33.6148
33.8597
29.4791
23.6824
19.9419
18.1547
36.1696
30.5223
28.1903
24.5877
22.1733
100000.0000
100000.0000
100000.0000
100000.0000
78.1443
37.4867
34.5065
31.4851
28.4714
25.4970
34.8400
31.6764
28.6220
25.5705
22.5616
35.4424
32.4527
29.4443
26.7156
23.5499
37.1116
33.9209
30.2850
26.6145
22.8626
42.2055
37.3603
34.4146
31.4751
24.8126
35.1339
31.9297
28.7711
25.6306
22.5581
37.9148
34.9253
31.8771
28.8566
25.9449
43.6129
40.7589
37.7677
34.7989
31.7930
37.9114
34.9057
31.9037
28.8433
25.9560
37.4352
34.6956
31.7389
28.8080
26.0154
37.8344
34.8728
29.9108
24.9655
20.1719
36.9637
32.2453
29.1064
26.2151
23.1690
37.0165
34.5707
30.7311
29.2741
25.3669
39.2571
34.3351
30.3318
27.3995
24.8142
38.1406
36.1006
33.3214
29.9918
24.5850
39.0342
36.5432
33.2286
29.9483
27.4575
34.9076
31.8236
28.9550
26.0942
23.1563
43.9469
44.8390
28.3769
25.7720
22.8410
34.8023
33.0578
28.4518
25.6500
28.9490
34.4166
33.7892
30.0926
29.0663
26.8982
26.4093
26.2824
26.3497
25.5434
30.3814
33.8632
29.6425
23.4316
20.1887
17.4230
35.1361
29.9055
27.2243
23.2955
21.2247
100000.0000
100000.0000
100000.0000
100000.0000
100000.0000
37.3328
34.3684
31.4133
28.3804
25.4056
34.9296
31.7893
28.7875
25.7473
22.8863
35.6525
32.8608
30.1342
27.4559
23.1238
36.7410
33.4596
30.4624
26.7390
22.9203
42.8268
37.6631
30.9679
28.2399
25.3829
35.0695
32.0283
28.9333
25.8700
22.8303
37.8626
34.9088
31.8784
28.8613
25.8762
43.5978
40.7280
37.7526
34.8053
31.7635
37.8491
34.9144
31.8330
28.8894
25.8791
37.3032
34.8868
31.8249
28.8969
25.7618
37.8059
34.8403
29.8706
24.8878
19.9469
37.4192
34.4510
31.2105
28.1683
25.1428
37.6321
34.1699
31.2300
28.4283
24.7648
32.1715
27.5584
24.0130
21.7747
20.2664
35.1170
31.7475
27.4856
23.5548
20.2695
33.5209
29.9335
26.3595
23.5611
21.7438
35.0780
31.8410
28.6624
25.5341
22.4911
36.6033
31.3753
28.1920
26.0236
22.0461
34.1523
31.8880
28.2611
25.0054
22.0815
33.5925
26.7851
24.0162
23.0555
21.5015
26.9413
26.6632
26.7747
26.1126
27.8913
33.8809
29.5861
23.4504
20.1011
17.5277
34.9118
30.8717
27.0689
24.5942
21.0445
100000.0000
100000.0000
100000.0000
100000.0000
73.9487
37.1503
34.2005
31.1962
28.1723
25.1892
35.1399
31.9504
28.6708
25.5780
22.5304
35.3973
32.0687
29.1080
26.0927
23.1461
36.0731
32.5055
29.3630
26.6158
21.8345
42.1882
37.3802
34.3519
32.3635
29.6626
35.4903
32.0364
28.7741
25.5911
22.4097
37.8582
34.8572
31.8121
28.8260
25.8835
43.6406
40.7896
37.8007
34.8048
31.8438
37.8165
34.8810
31.8109
28.8435
25.8919
37.4117
34.6662
31.6496
28.6586
25.7355
37.7602
34.7955
29.8330
24.8957
20.0041
37.6433
32.8292
30.0459
27.0923
23.9703
38.1551
34.8789
31.5339
28.6463
24.5910
36.7948
32.0443
28.0554
25.1074
22.8851
36.6622
33.8608
30.3069
26.6427
22.8127
36.0621
33.1463
29.8686
26.5667
24.2596
35.4959
32.2202
29.1118
26.3514
23.3449
37.4606
39.8934
42.8462
25.4569
22.4958
34.2587
32.0727
28.4758
25.9894
23.2391
34.4496
29.7266
26.8427
25.3472
23.6237
27.2516
27.4425
27.6812
27.8579
31.6011
33.8790
29.4586
23.4698
19.9587
17.6553
35.6353
29.9958
27.7174
23.7084
21.7053
100000.0000
100000.0000
100000.0000
100000.0000
100000.0000
37.2438
34.2468
31.2186
28.2510
25.2198
35.0454
31.8695
28.7955
25.7657
22.8238
35.6301
32.5245
29.6076
26.7933
23.9650
37.2345
34.2815
31.3155
27.3027
23.1287
42.2724
37.0060
33.5830
31.6139
25.6496
35.3478
32.2354
29.1803
26.1788
23.0551
38.0455
35.0909
32.0920
29.1658
26.2636
43.5804
40.7290
37.7757
34.7998
31.7954
37.9721
35.1188
32.0729
29.1649
26.2268
37.4310
34.6624
31.7607
28.8929
26.1652
37.9752
35.0389
30.1462
25.3412
20.5752
36.2288
32.6682
29.5245
26.5157
23.4925
37.2613
34.2928
33.2258
29.0422
24.4418
40.4055
35.6847
31.8249
28.8163
26.0280
38.6417
36.4986
33.4176
29.2154
22.6312
39.0542
36.6114
33.6260
30.3817
27.6915
35.1568
32.2093
29.3226
26.0917
23.1295
33.9347
31.5443
27.9484
26.1666
22.9647
35.7526
32.0803
28.6956
25.4603
22.5746
34.0861
34.2462
31.1652
30.1477
28.4311
26.7724
26.1867
25.5273
25.0787
26.5671
33.9214
29.8717
23.7012
20.3632
18.1898
33.1356
32.4086
25.0700
26.5466
19.1009
100000.0000
100000.0000
100000.0000
100000.0000
100000.0000
37.7503
34.6172
31.5548
28.4465
25.4084
34.9641
31.7712
28.9073
26.0430
23.2139
35.8324
32.9438
29.9577
26.7823
23.1422
37.2447
34.0728
30.5663
26.8028
24.0477
42.5450
37.5959
31.2840
29.5472
27.0162
35.1038
32.1148
29.1739
26.1466
22.8795
37.8164
34.8527
31.8256
28.8183
25.7870
43.6199
40.7732
37.7759
34.8114
31.7989
37.8247
34.8656
31.7731
28.8422
25.7249
37.4773
34.7389
31.6879
28.6902
25.8179
37.7657
34.7986
29.8248
24.8009
19.7548
38.4112
33.7083
31.0067
27.8867
24.9549
37.3584
34.7533
31.1383
27.3197
24.9382
40.0841
35.2817
31.5122
29.0661
27.2073
38.3619
35.9013
32.8872
29.9547
26.3379
38.6413
36.0806
32.9606
29.6538
27.2509
34.6495
31.7116
28.6152
25.5138
23.6325
36.2298
33.0355
28.1303
25.3344
23.3760
33.9723
31.4586
28.7642
25.4170
21.9115
34.1408
34.5801
32.1486
30.5238
29.1459
30.2548
28.3821
27.3707
26.3663
30.5431
33.8667
29.4792
23.4282
19.9938
17.4256
37.2050
32.0042
29.3183
25.6975
23.3111
100000.0000
100000.0000
100000.0000
68.9797
54.6647
37.4558
34.4593
31.5112
28.5341
25.5378
34.7969
31.6855
28.5946
25.5933
22.6188
35.5849
32.7545
30.0546
27.5502
23.3603
35.3502
31.9429
28.5216
26.0075
23.0489
42.2979
31.6075
27.6243
25.7530
22.7336
34.7701
31.5416
28.6515
25.6786
22.5003
37.8526
34.9560
31.9693
29.1044
26.1448
43.6370
40.8098
37.8637
34.9302
31.9469
37.8780
34.9653
31.9251
29.0796
26.1254
37.3772
34.8626
31.8828
28.9494
26.1434
37.7857
34.8761
30.0511
25.1594
20.1910
37.0595
33.5401
30.3024
27.3507
24.3424
38.4472
34.6262
30.4841
27.0584
24.9113
39.6412
34.9729
31.0530
28.0438
25.5705
39.0590
36.7623
33.2954
28.5469
22.7808
38.9547
36.2100
32.6851
29.1322
26.1882
34.9088
31.8176
28.6855
25.4485
22.6256
35.8512
32.1622
28.2771
25.6232
22.4094
34.9890
31.5866
28.2958
25.2396
23.1018
34.2754
31.1141
29.0293
29.0149
25.9599
28.0278
26.9482
26.3713
25.7984
30.0839
33.8898
29.4389
23.9312
19.9135
18.4992
35.2315
29.6562
27.3025
23.6841
21.2692
100000.0000
100000.0000
74.5832
61.3633
60.0995
37.5008
34.5659
31.6120
28.6146
25.5984
34.9730
31.7568
28.7606
25.6828
22.6235
35.6718
32.7430
29.8919
26.9799
23.5447
36.2447
32.3585
29.5201
25.3838
22.5123
42.7064
37.8983
30.1638
27.2026
24.1171
34.8348
31.8072
28.6451
25.5404
22.3491
37.8308
34.8906
31.8285
28.8846
25.9223
43.6186
40.7566
37.7676
34.8246
31.8541
37.8233
34.8721
31.8024
28.8307
25.9263
37.4301
34.5090
31.5080
28.5459
25.6470
37.7801
34.8163
29.8788
24.9767
20.1947
37.1427
31.6362
28.7705
25.7802
22.6754
37.8163
34.5617
30.6049
28.7641
25.4866
36.4682
31.8118
27.9257
25.0147
22.8295
36.9353
34.1484
30.2635
26.2924
21.9680
36.4805
33.4738
29.9357
26.5061
24.2643
35.2610
31.9895
29.1523
25.8278
22.6358
34.1620
32.7965
28.9061
25.4342
22.2373
34.0502
30.3998
28.5174
25.5513
22.7063
34.2364
29.9285
27.0065
25.8865
23.6935
25.7133
25.7740
26.1507
25.7645
26.7841
33.8851
29.5012
23.5403
19.9847
17.8650
37.0416
32.5941
29.0486
26.2805
23.0521
100000.0000
100000.0000
100000.0000
100000.0000
100000.0000
37.3045
34.3588
31.3389
28.3700
25.3356
34.9932
31.8951
28.8152
25.7725
22.7946
35.6020
32.5310
29.5637
26.5921
23.4507
37.2246
33.5270
29.7918
26.9064
23.4604
42.4752
37.6106
34.8306
32.2080
26.4146
35.5715
32.1473
28.9575
25.8059
22.4717
37.7991
34.8714
31.8542
28.8663
25.8525
43.6261
40.7650
37.7879
34.8213
31.8401
37.8277
34.8812
31.8177
28.8622
25.8857
37.5170
33.8477
30.9169
28.6527
25.1795
37.7728
34.8076
29.8546
24.8954
19.9536
37.5343
34.4263
31.2658
28.3790
25.1813
37.8336
34.8623
31.9466
28.5994
25.4454
35.4542
30.4146
26.1542
23.0398
20.7954
37.7430
35.3244
32.2719
28.6720
23.6736
37.3587
34.5387
30.7846
27.0007
24.3237
34.9971
31.7981
28.6552
25.5741
22.5719
35.2679
30.8737
29.7213
26.0402
22.6452
34.1004
32.9996
28.5949
25.5457
22.7861
34.2448
31.0277
28.1733
26.4097
24.6195
26.3069
26.1810
26.2559
25.9654
27.3863
33.8667
29.5185
23.4466
20.1113
17.5030
34.7361
29.5266
26.8022
23.5398
20.7902
100000.0000
100000.0000
100000.0000
100000.0000
100000.0000
37.3928
34.3989
31.4287
28.4317
25.4224
34.8756
31.7410
28.7562
25.6494
22.5466
35.4904
32.5666
29.6787
26.9688
23.8397
36.8094
33.6654
29.8664
26.1733
22.3678
42.0828
37.2021
34.3336
32.1429
29.4095
35.1083
32.0722
28.8690
25.6940
22.7145
38.5460
35.5857
32.6165
29.6544
26.7233
43.1319
40.2374
37.2005
34.1912
31.1344
38.5780
35.6243
32.5979
29.6609
26.7453
37.4017
34.5371
31.5999
28.7278
25.9536
38.4964
35.5611
30.6552
25.7203
20.6707
34.9754
29.5617
26.3376
23.2561
20.2430
34.6279
31.2895
33.0854
30.2843
23.1243
37.9444
33.0575
28.9956
25.9053
23.2241
39.0702
36.3529
31.9826
26.3080
20.0690
39.6721
36.6995
33.0576
29.5697
27.0916
35.2577
31.9361
29.0645
25.7864
22.7338
34.6173
51.4843
28.8903
25.9789
22.3638
38.9762
31.7181
28.4518
24.8134
22.8353
34.3340
30.6349
28.0516
26.9763
24.9828
24.3221
24.2914
24.5806
24.7011
25.1336
33.8651
32.1225
23.5018
22.8497
17.6640
30.8293
27.8679
22.7552
22.5812
16.7362
100000.0000
100000.0000
100000.0000
100000.0000
100000.0000
37.2828
34.2041
31.1790
28.0882
24.9536
35.5734
32.0668
28.8956
25.8566
22.8023
35.5589
32.3184
29.1597
25.8472
22.6876
36.2409
33.1507
29.8841
26.1625
22.9809
42.7678
37.8255
34.1387
29.0700
25.3851
35.4829
32.0612
28.9078
25.8560
22.8822
37.8670
34.8980
31.8494
28.8598
25.8554
43.6392
40.7650
37.7608
34.8220
31.7838
37.8337
34.8749
31.8977
28.8664
25.8074
37.4469
34.5201
31.5150
28.4588
25.6181
37.7948
34.8292
29.8562
24.8487
19.8194
37.9201
34.7689
31.7608
28.5794
25.6320
38.3294
34.7719
32.5789
28.7971
26.6644
36.1685
31.3602
27.4486
24.7086
22.6126
37.6908
34.8613
30.8450
26.8154
23.0029
36.4235
33.3998
30.0778
26.7852
24.3857
35.1437
31.8900
28.7989
25.7486
22.5142
34.3072
33.4609
28.6597
25.2775
22.1578
34.6050
31.4127
28.6883
25.1735
22.4275
34.1907
29.6484
26.9302
25.2102
23.3739
26.4034
26.0893
26.2371
25.8958
28.2922
33.8794
29.5552
23.4423
20.0524
17.5101
36.1157
31.4904
28.2585
25.0703
22.2452
100000.0000
100000.0000
100000.0000
100000.0000
64.2971
37.5982
34.6271
31.6425
28.6338
25.6254
34.9733
31.7785
28.7012
25.7035
22.6838
35.6060
32.4992
29.5645
26.8101
23.8709
36.2256
33.1192
29.4904
26.2335
23.5926
42.4353
37.5721
34.2228
31.6882
24.4765
35.2400
31.9930
28.7622
25.5800
22.5318
37.8543
34.8897
31.8487
28.8212
25.8319
43.5969
40.7387
37.7505
34.7935
31.7700
37.8498
34.8512
31.8358
28.8479
25.8592
37.4343
34.7997
31.7270
28.7255
25.8305
37.7891
34.8223
29.8477
24.8412
19.8818
37.7550
33.2464
30.1716
27.2885
24.2871
38.1516
34.7294
32.0879
29.1738
26.5827
37.6692
32.8884
29.0069
26.2922
24.2793
37.1000
34.3718
31.1784
28.2223
24.3568
36.8491
34.1788
31.0954
27.8734
25.7639
35.3100
32.0878
29.1286
26.0227
22.9113
51.1079
32.0196
28.9864
25.1774
22.0475
34.8896
32.1027
28.8370
25.6138
23.7860
34.2265
31.9412
29.2397
27.1685
25.9396
27.7152
27.4168
26.9708
27.4185
29.6754
33.8667
29.6059
23.4340
20.1069
17.4427
35.8885
31.3272
27.9421
24.7782
21.9233
100000.0000
100000.0000
100000.0000
100000.0000
100000.0000
37.4984
34.5587
31.6177
28.6039
25.6449
35.0611
32.0256
28.9251
25.9151
22.9968
35.7056
32.6720
29.8499
27.0729
24.1130
36.8656
33.4183
30.3211
26.7844
23.8885
42.5435
37.5231
33.8142
28.3381
24.5643
35.5834
32.2274
29.1017
25.9572
22.8571
37.8594
34.8691
31.8296
28.8532
25.8582
43.6277
40.7390
37.7870
34.8167
31.7795
37.8612
34.9144
31.8757
28.8532
25.8728
37.5940
34.6412
31.7660
28.9489
26.3392
37.7826
34.8185
29.8534
24.8827
19.9574
37.7055
34.3835
31.3772
28.3152
25.2656
38.0166
34.6367
31.4173
28.4672
25.4227
41.1533
36.3001
31.9739
28.5075
25.8643
40.4858
38.5080
35.5132
31.6225
25.6745
40.8041
38.4288
35.0216
30.9406
27.6776
35.3535
32.4597
29.7390
26.6480
23.6980
39.9246
44.3107
28.5556
25.7065
23.2040
34.4484
32.5167
28.4425
25.7986
23.6606
34.4874
33.8842
32.1079
29.3967
27.8015
25.7522
25.4960
25.4947
25.2438
26.9723
33.8995
29.5600
23.4679
20.1297
17.4868
35.3951
30.3924
27.4692
24.2267
21.4533
100000.0000
100000.0000
100000.0000
100000.0000
100000.0000
37.3001
34.2917
31.2595
28.2235
25.1794
35.0668
31.9728
29.1737
26.4553
23.5376
36.2423
33.5202
30.7344
27.8167
24.6076
37.4633
34.3141
30.5533
27.6777
24.3358
43.3048
38.0275
31.3726
29.3383
26.3536
35.4111
32.2299
29.1583
26.0514
23.6321
37.8346
34.8845
31.8030
28.7977
25.7638
43.6215
40.7595
37.7334
34.7806
31.7702
37.8253
34.8622
31.8198
28.8730
25.8431
37.4127
34.6504
31.6759
28.6713
25.8103
37.7738
34.8042
29.8194
24.7930
19.8079
38.2447
33.4504
30.5784
27.5221
24.4523
38.2254
34.8999
31.4303
28.3847
24.7792
37.0739
32.3150
28.4435
25.7554
23.7557
38.0401
35.2851
31.5720
27.7571
23.8330
37.5122
34.4938
30.8395
27.3668
24.9546
35.2507
32.0636
28.9335
25.8685
22.5962
38.5926
31.2592
29.1271
25.7600
22.3429
33.9949
31.3784
28.9163
25.7011
22.4451
34.2641
30.2146
27.8519
26.1255
24.7444
30.7476
28.7114
27.5858
26.5615
30.7996
33.8800
29.5090
23.4339
19.9908
17.4241
37.5933
33.1989
29.7674
26.3246
23.7500
100000.0000
100000.0000
100000.0000
72.2416
60.4993
37.4120
34.4351
31.4827
28.4647
25.4316
35.1936
31.9585
28.9455
25.8175
22.7787
35.6446
32.7079
29.7739
26.9609
24.1595
36.8342
33.3799
29.5585
24.8747
22.3453
42.9347
37.8945
34.5723
31.8450
24.3758
35.6705
32.2306
29.0612
25.5522
22.4361
38.1439
35.2487
32.2152
29.2719
26.2545
43.1852
40.3211
37.3377
34.4056
31.4128
38.1385
35.2150
32.2322
29.3059
26.3047
37.6106
34.5152
31.5486
28.4883
25.3999
38.1190
35.1844
30.2594
25.2906
20.2778
35.9626
32.7695
29.8594
26.7570
23.7225
37.4059
34.4600
31.7613
28.6691
25.2694
25.2139
20.5303
17.4767
15.9774
15.1086
41.6588
38.1672
32.8387
25.2703
19.5228
34.5149
31.3535
26.2646
22.1357
19.1872
37.8309
34.8592
30.6514
27.5988
24.0089
37.1963
29.8066
27.6476
24.3644
21.3248
34.8957
37.1962
28.9094
27.4079
22.6149
34.1124
26.9462
25.2825
24.7042
22.7657
22.0831
22.7945
23.0196
23.9042
27.5232
34.5811
29.8917
24.2706
20.4681
18.4458
32.2861
30.9736
24.2596
25.2398
18.3012
100000.0000
100000.0000
100000.0000
100000.0000
100000.0000
38.0120
35.0335
32.0139
28.9665
25.9516
36.5670
33.1683
29.9564
26.6361
23.3614
36.5477
33.4015
34.1634
26.9382
23.8459
35.9566
32.4173
29.5553
27.3335
24.0713
41.7497
37.2321
34.1242
31.9899
30.0995
37.5036
33.4500
29.4908
26.3390
23.2131
