37.9474
35.2059
32.4043
29.7763
27.2739
39.8118
37.2889
34.7859
32.4247
30.4244
33.8214
31.1218
28.5772
26.0853
23.7318
42.8359
39.8733
36.8379
34.0950
31.3584
42.3035
39.4204
34.5019
30.1432
25.6337
38.3186
35.1075
32.5038
29.7664
27.0680
37.2969
33.7667
31.4539
28.4367
24.7773
37.9374
32.6932
27.6812
23.6355
20.7316
36.4377
33.5404
29.4711
25.5462
21.9913
40.8373
37.6513
32.1650
26.3408
23.2123
39.0946
35.1897
31.0284
25.7427
21.0136
35.1603
33.6638
29.3280
26.4552
23.8696
37.6173
29.8670
26.7936
25.1597
24.6462
34.2205
31.1274
27.2307
25.4136
23.4415
25.7056
25.0644
24.8795
24.5000
25.0221
50.2725
46.0693
40.1491
36.8643
33.1738
41.7889
50.6716
33.9452
41.8641
27.9594
44.7045
41.7813
38.6690
33.9731
42.7510
37.6460
34.8458
32.0658
29.4027
26.9352
42.9893
39.5458
35.6374
30.7385
25.1215
36.6239
33.3461
30.0334
26.6943
23.5531
38.0273
34.8103
30.1307
27.8330
23.0105
38.5660
34.4980
32.2129
29.5436
22.2520
37.7983
34.0791
29.7998
25.0538
20.8460
37.9103
34.9558
32.1932
29.4632
26.9455
39.6725
36.8940
34.3302
31.8684
29.6406
33.5697
30.9681
28.4048
26.0361
24.0211
43.0551
40.0916
37.0280
33.7829
30.4174
42.2879
39.4097
34.5125
29.8678
25.3339
36.6181
33.5845
30.5892
27.7916
25.2984
36.3585
34.2616
31.2179
30.2355
26.4977
42.9167
37.7913
32.9127
28.8024
25.5639
37.7468
35.4110
32.3695
29.4138
26.1997
39.0850
36.6144
32.7213
28.3400
25.9248
36.0856
31.9604
27.5708
24.1571
21.7110
35.0322
32.8583
24.3415
23.6316
21.7552
33.5072
30.7256
27.7356
24.3500
23.0387
33.9830
34.7431
31.3394
29.9521
27.9368
26.4993
25.6754
25.4369
25.4529
25.8677
49.9561
45.7621
39.7519
36.2696
32.7958
44.3210
43.2257
36.7125
36.7406
30.7365
49.4482
46.8194
43.8051
40.8241
37.9608
38.1961
35.1831
32.2494
29.4150
27.0156
41.0710
36.1967
30.8217
25.8792
22.1169
35.7529
32.5798
29.5912
26.7843
24.5307
38.1498
35.0027
31.9632
28.2324
22.8488
36.9217
31.5369
26.3328
23.5775
22.1938
35.9458
31.6553
27.2687
23.8101
21.0403
37.9237
35.0041
31.9486
28.9482
25.9960
39.7197
36.8083
33.8066
30.8628
27.9001
33.1429
30.2673
27.3474
24.6202
22.1087
42.2735
39.1063
36.2010
32.9788
29.5853
42.2159
39.3475
34.4377
29.4275
24.2718
37.4850
34.2431
31.1536
28.1073
25.0784
35.5126
31.7336
29.2976
26.3807
22.4296
43.1148
37.9572
33.0032
28.7541
25.3248
40.1930
37.7375
34.2224
30.3324
25.8457
40.7332
38.3578
33.9674
28.6963
24.6393
36.1426
31.3194
27.1859
23.4760
20.6767
34.9830
32.4225
24.6331
22.9611
20.6263
36.4026
30.0107
28.7821
23.5808
20.2461
32.9167
34.4692
30.5676
29.1479
27.1292
25.8728
25.0248
24.9517
24.5000
25.4301
49.5991
43.6663
38.9285
33.9608
31.8087
40.5894
37.5978
32.7632
31.3785
26.7780
43.3020
40.4398
37.4398
34.4628
31.4533
37.3829
34.3753
31.4536
28.4336
25.4059
39.3916
34.9400
30.0129
25.1981
21.1858
35.9086
32.8347
29.9004
26.9204
23.6375
39.6217
36.5834
33.6902
28.7857
25.7046
36.2827
30.9807
26.0042
23.4407
21.5115
35.7693
31.2474
26.6615
23.0249
20.4257
37.8721
34.9682
32.1065
29.4019
26.7867
39.6703
36.8513
34.1827
31.7109
29.3894
33.4950
30.8175
28.1518
25.7519
23.5164
41.8950
38.9019
36.0202
32.7548
29.4713
42.2757
39.3987
34.4851
29.7141
25.0940
37.8094
34.0709
31.4267
28.4899
25.6480
36.1893
32.8486
30.2122
26.6163
24.8261
44.5788
39.4906
34.5382
30.1617
26.5347
38.6816
36.4822
33.6063
30.3530
26.4508
40.9047
38.1094
33.6710
28.9267
25.4744
34.6160
30.3679
26.7773
23.3894
21.1234
34.2267
31.1030
28.7468
22.5586
21.5036
34.5084
29.6512
26.5820
24.6833
20.7236
33.0031
37.2448
32.4713
31.0885
28.9947
28.9190
27.7656
27.2246
27.0486
25.7105
49.6400
45.7941
39.1576
36.5360
32.0172
42.6472
44.6703
34.8888
37.9131
28.9118
45.5286
42.7543
39.7892
36.6597
33.0097
37.9688
35.0017
32.1078
29.2920
26.7744
39.6647
33.9690
28.8526
24.6497
21.1177
35.5057
32.4503
29.5623
26.9156
23.6858
38.9533
35.9855
32.4005
29.0710
21.6213
36.2385
30.7095
26.9718
24.9287
21.8732
34.6634
30.2881
26.5205
23.3432
20.6216
37.9252
34.9564
32.0032
29.0730
26.1998
39.7271
36.7808
33.7787
30.8394
28.1402
33.2482
30.4431
27.7261
25.1538
22.7035
42.4666
39.6198
36.4839
33.3880
30.1674
42.2426
39.3683
34.4570
29.4377
24.1922
36.8411
33.3591
30.4654
27.3407
24.5191
36.8588
33.1944
29.8477
26.2923
23.7825
37.2730
32.0526
26.7200
21.9750
18.3630
36.7070
33.8508
29.5881
24.5937
19.9607
37.5613
34.9104
30.3908
24.8159
21.2814
38.6906
34.7081
30.8693
26.4975
21.7203
34.5243
32.4599
29.3019
22.1445
22.0156
35.2834
32.9347
29.3120
24.4202
21.1877
33.4798
28.1854
24.0985
21.8515
19.6593
22.4162
22.5420
22.7758
23.0655
25.5684
49.8146
43.7749
37.9529
33.9633
29.1544
38.7138
37.1834
30.8218
30.6952
24.8061
42.5088
39.4946
36.4973
33.4236
35.4102
37.5328
34.5988
31.6156
28.5908
25.7064
42.1848
38.5075
34.5601
30.0394
25.3229
36.0716
32.6754
29.3816
26.0120
22.3030
39.6227
36.3459
32.6141
28.2876
24.4086
36.8809
32.3325
29.9108
28.2585
26.3715
36.9017
33.4807
29.8742
25.9225
21.6093
37.9526
35.0227
31.9738
29.4364
27.0463
39.7111
36.7710
33.8506
31.6527
29.8245
33.6346
30.8962
28.3138
25.9461
23.4802
42.5366
39.7293
36.6919
33.4984
30.7530
42.0554
39.1468
34.2342
29.2054
25.0324
37.4509
33.8119
30.6660
27.7853
25.0252
36.1574
32.7973
31.0558
27.7931
24.8799
37.2060
31.9942
27.1736
23.3789
20.6254
36.7067
33.8441
29.7928
25.7491
21.8434
40.3494
37.4218
32.3066
26.3440
22.9668
38.3726
34.5374
30.5208
25.6614
21.0536
35.3939
31.1209
28.7037
26.2569
21.8331
36.5137
34.7986
28.2844
24.6902
21.8789
34.0112
30.4327
26.1617
24.4031
22.5346
24.6299
24.1292
24.0135
23.5755
23.7936
50.2935
39.8506
40.2176
30.1341
33.6928
38.5113
34.6538
30.5610
29.1384
24.5633
46.1833
43.2498
40.2633
36.9504
38.7595
37.3193
34.3333
31.3835
28.6906
26.2092
42.1146
38.6530
34.6167
30.1776
24.7914
36.2169
32.9897
29.6679
26.4094
23.1307
38.8395
35.3631
31.0277
28.5716
25.4044
38.0924
33.6697
31.0919
29.2302
21.9155
37.3485
33.9543
29.9684
25.4562
20.8259
37.8828
34.9318
31.9006
28.9485
26.2270
39.6730
36.7502
33.7227
30.8832
28.3939
33.2621
30.4381
27.7506
25.2283
22.9125
42.7319
39.7403
36.7945
33.5986
30.5277
42.2644
39.3956
34.4875
29.4704
24.5021
37.7020
34.6694
31.6790
28.7130
25.9718
35.7034
32.5551
29.1018
26.0798
24.0492
41.4317
36.1622
30.8534
25.8008
21.4099
39.1311
36.5079
32.6324
28.2632
23.6035
39.8901
37.3415
32.8526
27.3748
23.9002
36.1793
31.6518
27.5043
23.5641
20.2890
34.0572
31.6895
28.3213
24.6948
19.8672
34.4496
30.7813
26.5644
23.3587
21.1217
33.0075
32.5419
28.3364
25.9494
24.4911
26.3291
25.3605
24.8774
24.7530
25.2938
50.1460
45.7823
39.7811
36.4257
32.3447
41.1689
45.5607
33.3729
37.3488
27.3930
43.4414
40.4036
37.4729
34.2758
29.2360
37.5818
34.6617
31.6331
28.6514
25.9263
39.8839
35.3868
30.3575
25.8619
21.6784
35.4696
32.4210
29.3280
26.3307
22.7346
38.9094
35.7157
32.0548
28.3796
22.9450
36.1857
31.2487
27.0335
25.6558
22.3841
35.8485
31.7262
27.3589
23.4859
20.2983
37.9321
34.9758
31.9846
29.1118
26.6864
39.7363
36.7585
33.7672
31.0494
29.0322
33.4942
30.7599
28.0873
25.5700
23.1562
42.2365
39.4418
36.3876
33.2864
30.1418
42.1803
39.2942
34.3614
29.3133
24.5311
36.9241
33.8176
30.5196
27.3427
24.4088
36.9629
33.2993
30.4035
27.4255
24.0398
35.3350
30.0246
24.8999
20.5807
17.2114
36.8415
34.1285
30.2734
25.7993
20.8947
38.8504
36.1224
31.2830
25.6658
22.0761
38.3948
34.3610
30.3529
26.9481
22.0643
36.9902
33.1320
28.7992
26.2948
18.8984
36.5222
28.8031
31.2735
25.9992
20.7743
33.6370
27.7935
23.2093
22.0125
19.4707
22.3189
22.3998
22.8935
23.2233
25.7213
50.3632
41.8226
40.2413
31.5826
32.9383
37.4127
36.2470
29.4482
30.1733
23.4482
41.7666
38.6882
35.1761
43.4197
41.7168
37.5685
34.6432
31.6460
28.6615
26.0555
42.4965
38.9163
34.7790
30.0713
25.5889
36.3006
32.9305
29.6413
26.3630
22.9569
38.7047
35.2104
31.9823
27.7000
24.0682
36.9421
32.6434
30.3187
29.0597
27.7385
37.4658
33.9257
30.2340
26.2236
21.9341
37.8791
34.9156
31.9037
29.0091
26.3235
39.6700
36.7339
33.6901
30.8794
28.4328
33.2740
30.4819
27.7412
25.2390
22.8091
42.1534
39.2936
36.2108
33.0179
29.8339
42.2670
39.3910
34.4715
29.4568
24.6067
37.8420
34.4807
31.6359
28.6542
25.8038
36.4753
33.1154
29.6878
26.3123
23.5006
40.4378
35.1452
29.8381
25.0337
21.1540
38.9372
36.3923
32.6764
28.6810
23.7541
40.5578
37.9099
33.4597
27.9131
24.3551
36.4910
32.7182
28.1366
23.7207
20.0928
36.2556
33.5281
28.3697
25.4943
20.5309
34.3828
30.4873
26.2329
24.1556
23.9525
33.0272
31.6259
27.2362
25.3159
23.4804
24.3879
24.1609
24.0659
23.9860
24.9025
49.6527
45.6943
39.6117
36.1631
33.1937
39.7449
43.8757
31.9045
36.6435
25.8959
41.9470
38.9254
35.9038
32.6167
43.6668
37.6888
34.7190
31.7990
28.8731
26.1867
40.4315
35.9084
31.2010
26.4395
22.0192
35.9562
32.8066
29.6710
26.7323
22.3699
39.0037
35.8080
32.4192
26.8618
23.5600
35.5967
31.1935
28.0166
25.4606
21.8153
36.5365
32.3245
27.7510
23.6264
19.9787
37.8935
34.9364
32.0475
29.5932
27.2423
39.6769
36.7357
34.0137
32.0576
30.3504
33.6266
30.9994
28.4812
25.9831
23.6310
41.6374
39.1544
36.1939
33.0799
29.9738
42.2109
39.3252
34.4021
29.3690
25.5970
38.3698
34.6923
31.6836
28.8351
26.2738
36.1308
33.1260
29.7935
26.4052
23.8803
41.3641
36.1509
31.0245
26.5424
22.9925
38.5179
36.0463
32.2254
28.0384
23.9359
40.8446
38.2251
33.6678
28.1419
24.6283
36.3733
32.2790
27.6094
23.5021
20.0923
36.2657
32.9750
28.4135
22.8695
19.4510
36.4556
29.9769
27.1504
22.7922
23.1470
33.1344
30.8816
27.0478
25.1311
24.1043
25.2325
24.7142
24.5674
24.4790
23.8839
49.6936
43.1403
39.6581
33.5089
32.7983
40.4708
38.6616
32.6770
32.5579
26.6672
41.8493
38.3387
40.2110
46.2432
44.1497
37.5682
34.6630
31.7682
29.3280
26.9225
39.9539
35.4178
30.7135
26.1518
21.8358
35.7405
32.5398
29.5380
26.6471
22.8909
38.6531
34.9962
31.6825
29.7364
25.3703
37.1782
33.1586
27.7401
23.5576
20.8352
36.2163
32.2237
27.5333
23.3304
19.8536
37.9072
34.9749
31.9988
29.3024
26.7885
39.7288
36.8241
33.9115
31.3777
29.2062
33.3989
30.6341
28.0779
25.5839
23.2436
42.6465
40.1300
37.0986
34.0336
30.8977
42.2700
39.4225
34.5342
29.5106
24.7764
37.0899
33.8997
30.9450
28.1631
25.4916
36.6618
32.9300
30.1627
27.0418
24.8627
39.0517
33.8551
28.8622
24.6990
21.5597
37.1295
34.4453
30.6236
26.5169
22.5326
39.6282
36.8577
32.2016
26.7380
23.2176
37.9383
34.1382
30.0907
25.0533
20.8115
36.7548
32.8848
28.9120
24.9628
21.4703
31.9278
32.1508
26.2280
23.6588
21.5074
34.1184
29.5113
26.0948
23.9459
22.5672
25.0157
24.7601
24.4963
24.3617
28.3899
50.1094
45.7269
38.3409
36.3116
29.4435
40.4215
43.9812
32.5510
35.5325
26.5664
42.3104
39.5475
36.3763
28.9984
44.2792
37.6873
34.6846
31.6641
28.8549
26.2832
42.0795
38.2911
34.1090
29.1702
23.8936
36.0810
32.8997
29.5123
26.3897
23.0890
39.3491
36.1923
31.9845
28.1894
24.4354
37.3229
33.0012
30.6444
27.9243
22.9680
37.1701
33.6082
29.5616
24.8456
20.5203
37.9056
34.9537
31.9859
29.2393
26.7614
39.7020
36.7191
33.9253
31.4163
29.2576
33.4617
30.7205
28.1126
25.5275
23.2169
42.3192
39.5951
36.5459
33.3777
30.2403
42.1786
39.3056
34.3803
29.3738
24.9040
37.1580
33.7281
30.6399
27.8209
24.8300
35.6715
32.5465
29.0561
27.3103
23.8886
39.5323
34.3122
29.5635
25.6693
22.4521
37.9119
35.6307
32.4093
29.0939
25.1834
41.1348
38.3282
33.5687
28.3654
25.5567
36.3217
32.0077
27.4030
23.7287
20.7246
36.6381
33.2302
29.0027
22.8252
22.1446
33.2763
32.6389
27.7368
24.1549
29.9015
33.5779
33.0965
28.5930
27.0449
24.7307
24.1950
23.9778
23.9517
23.6378
26.9242
50.2438
42.0653
40.3346
32.0804
34.2281
39.5608
39.2385
31.7428
33.1057
25.7629
44.3378
41.2982
38.2767
35.0425
39.7140
37.5490
34.5748
31.6601
28.8732
26.2734
40.2938
35.5229
30.7083
25.8713
21.7107
35.7211
32.5523
29.5983
26.7255
23.2632
38.8667
36.1412
32.6658
27.0497
23.9862
36.7953
32.2901
28.4095
25.4178
22.4665
35.8865
31.9419
27.4697
23.2570
20.3408
37.9060
35.1292
32.4760
30.0464
27.6638
39.7226
37.0441
34.7210
32.8774
31.1486
33.8934
31.3350
28.7771
26.3243
23.7493
42.1711
39.8070
36.7505
33.7843
30.8490
42.2014
39.3090
34.3871
29.9522
25.8994
37.5091
34.4700
31.7975
29.3337
26.8207
37.4142
34.4197
31.6041
28.5344
24.6689
35.8924
30.8147
25.9793
22.0885
19.3576
35.7337
32.7221
28.4477
24.1226
20.1533
39.0988
36.0953
31.0565
25.3224
21.9255
40.2937
36.9764
32.8183
28.3475
22.9313
37.6792
32.3044
24.7211
27.1726
23.3986
38.2053
35.2444
28.6583
26.3059
21.7815
33.8858
27.1468
23.2278
22.0775
20.3592
25.5268
25.1039
25.1204
24.5889
25.9320
50.3247
42.7360
40.1560
32.9829
33.4294
39.6626
36.7085
31.8759
30.8049
25.8655
47.3171
44.3585
41.4376
37.0334
41.8050
37.4039
34.6227
31.9647
29.4150
26.8544
43.2997
40.2085
36.7139
32.9519
28.5088
36.8307
33.5427
30.4048
27.0060
23.5596
38.8559
35.3076
31.3925
28.1450
23.3133
39.0592
35.1547
33.1706
32.0015
29.6291
37.6345
34.6191
31.0984
27.3600
22.7618
37.9358
34.9309
31.8913
28.9266
25.9725
39.6727
36.7664
33.7375
30.7808
27.8391
33.1298
30.2689
27.3594
24.6472
22.1257
42.6372
39.9580
36.9113
33.8066
30.6520
42.2832
39.3994
34.4856
29.4949
24.3147
37.4883
33.7549
31.0361
27.9889
24.7578
37.1582
33.5234
29.6851
26.1223
22.7684
39.2496
34.0336
28.8064
24.2327
20.7941
36.4537
33.6253
29.7477
25.6821
21.7612
36.6050
33.8832
29.8292
25.0216
21.9523
38.3514
34.1274
29.8300
25.0972
20.9415
37.8034
32.2399
27.8271
25.8439
20.8536
32.4446
33.9706
27.3008
25.0057
21.5975
33.2995
29.1012
25.0437
23.0698
21.2943
24.7217
24.5097
24.4214
24.4102
25.8710
49.9881
45.5051
39.6093
35.9301
32.1358
39.3774
42.8087
31.5280
34.8533
25.5236
43.4540
40.5625
37.5889
34.6311
31.6059
37.5679
34.6039
31.5396
28.5602
25.5047
42.4928
38.7244
34.3833
29.2767
23.8833
36.2197
32.7835
29.4532
26.1409
22.7457
39.5156
36.1804
33.3345
28.2138
24.8747
36.8535
31.6321
28.2882
26.5091
22.3793
37.4073
33.6819
29.5318
25.0356
20.5593
38.0672
35.0712
32.0954
29.2717
26.5898
39.7388
36.8393
33.8802
31.2786
28.7903
33.4395
30.7049
27.9580
25.3857
22.9276
41.7458
38.8991
35.7976
32.6253
29.4994
42.2022
39.3042
34.2776
29.2078
24.2369
36.2038
32.8511
29.8013
27.0149
24.2510
35.8058
32.1879
30.2542
26.5917
22.5060
41.4901
36.3166
31.3973
27.1466
23.5741
38.8006
36.4699
33.0390
29.2527
24.6831
40.0460
37.4903
33.4162
28.4865
25.0362
36.5536
31.7757
27.4140
23.5000
20.4386
34.1004
29.9182
28.6073
22.7238
19.7873
37.2023
30.7914
27.1491
23.1280
20.5855
33.0316
33.8086
29.4084
28.1446
26.1965
24.5990
24.1777
23.6439
23.6412
24.6651
49.7738
41.4062
36.8249
31.8220
28.7408
37.6046
35.0554
29.5919
29.2780
23.6312
42.6906
39.7266
36.7083
33.6545
32.2466
37.7194
34.7373
31.7000
28.6460
25.7031
40.5577
35.9213
31.0524
25.7679
21.4643
35.8391
32.5726
29.3987
26.4842
23.8770
39.3611
36.2842
32.8438
29.2110
25.3400
36.7460
32.0761
28.0156
25.6095
23.5654
36.3790
31.8438
27.2907
23.3598
20.2421
37.8701
34.9941
32.1815
29.6470
27.1818
39.6518
36.8707
34.2148
32.1196
30.2532
33.6381
31.0381
28.4359
26.0959
23.6542
42.6805
40.0318
37.0054
33.9549
31.0036
42.2554
39.3827
34.4590
29.7907
25.6054
38.4690
34.7720
32.1359
29.2092
26.5561
35.7579
32.8449
29.6068
26.1928
24.4601
41.7911
36.6473
31.9734
28.3666
25.7151
38.2771
35.7286
32.4283
29.0589
25.7775
42.4589
39.4557
34.2902
28.7473
25.4635
36.6581
32.4788
27.4697
23.8566
21.6380
36.3146
33.7534
29.4687
23.8949
22.3324
33.3479
30.3357
29.0413
24.0126
24.9923
33.9310
34.7081
31.2691
29.2262
27.6728
28.5453
26.9174
25.9734
25.3256
27.5878
50.2245
44.6145
40.3050
34.7200
34.1248
41.7295
41.3312
33.9640
34.4264
27.9907
42.7211
39.6170
33.4346
44.1896
40.9647
37.6192
34.7258
32.0215
29.4287
26.9410
40.7544
36.3626
31.2712
26.1289
21.8454
35.9963
32.8779
29.8886
27.3435
23.3264
38.8422
36.2004
33.0909
29.0838
24.2950
38.3374
30.9815
25.8347
23.8848
21.2353
36.3128
31.7626
27.4763
23.8738
20.7931
37.9629
35.2621
32.7971
30.5275
28.0988
39.7472
37.2801
35.3125
33.6263
31.9058
34.0520
31.6092
29.0571
26.6668
24.0871
42.3345
39.8455
36.7988
33.7066
30.9688
42.2925
39.4487
34.5684
30.3685
26.0329
37.1547
34.0059
31.4534
29.1438
26.4700
36.8949
32.8186
29.5933
27.3064
24.6804
41.7444
36.6337
31.4607
26.9276
23.4331
38.3591
35.8836
32.3640
28.1137
23.8071
41.6750
38.9022
33.9959
28.3368
24.7290
36.8874
32.7408
27.5812
23.4028
20.3675
36.3817
32.3440
28.2192
22.8343
19.9166
35.4557
33.6086
27.0426
22.7381
21.9026
33.4891
31.0389
27.5938
27.0529
24.0724
26.1611
25.2373
24.8107
24.3820
27.9547
50.1943
45.7694
37.3471
36.5279
28.1031
39.7609
44.6589
31.9074
35.6204
25.8955
42.8980
37.2034
46.7538
45.2401
45.0641
37.6959
34.9543
32.5620
30.1067
27.7627
40.6016
36.1461
31.5333
26.5152
21.9219
35.6895
32.4815
29.4074
26.5542
23.5739
38.5720
35.5364
30.4786
27.6072
23.4434
38.2163
34.9258
28.9743
25.4124
21.7243
36.0000
32.4510
27.7448
23.3867
20.1327
37.9446
34.9687
31.9295
29.0452
26.3961
39.7058
36.7914
33.7911
30.9237
28.6700
33.3006
30.5216
27.7986
25.3426
23.0626
42.2620
39.3637
36.3042
33.1728
30.0234
42.2657
39.3829
34.4770
29.4810
24.4016
37.0591
33.3276
30.3252
27.3507
24.3861
37.1948
33.3563
29.3842
27.1919
23.8195
39.6131
34.4268
29.1415
24.4499
20.9776
36.6164
33.7329
29.6040
25.4122
21.8144
38.2952
35.7532
31.2605
25.9781
22.7882
38.0733
34.3146
30.0762
24.9707
20.5629
34.6476
28.9332
28.4609
26.1417
18.9792
32.5732
30.4359
29.8505
24.5258
21.9253
33.5403
29.6099
25.4677
23.9396
21.7931
23.6601
23.6070
23.9850
23.7677
24.8246
50.1639
44.3469
39.1649
34.7992
30.3162
41.0671
38.6772
33.1673
32.6492
27.1880
44.0433
41.0128
38.0446
34.9687
31.4371
37.4788
34.5279
31.5032
28.5445
25.8628
41.9405
38.1747
33.9550
29.0912
23.8793
36.0093
32.6177
29.2850
25.8843
22.4909
39.2063
35.7012
31.3881
27.3986
24.1679
36.8709
32.3994
30.1433
27.9261
24.4032
37.0636
33.5217
29.5379
25.0622
20.3189
37.9154
34.9450
31.9035
29.2390
26.7628
39.6765
36.7386
33.7381
31.3280
29.3897
33.4112
30.7156
28.0894
25.6672
23.2534
42.6592
38.9882
35.9317
33.4880
29.5475
42.2799
39.3969
34.4762
29.4500
25.0009
37.5917
34.4233
31.2879
28.6920
25.9853
36.6417
33.2161
29.9798
26.8910
24.4652
37.0419
31.6672
26.3640
21.8058
18.5378
37.7014
35.1105
31.6755
27.7541
23.3135
40.0869
37.4089
32.6592
27.0707
23.4863
37.2261
33.4520
29.8536
25.4744
20.8876
36.4093
31.6250
29.5025
21.8647
23.4405
35.7725
32.4848
28.8297
25.2490
20.7005
33.7694
30.2199
26.6622
24.6694
22.8122
23.8304
23.9068
24.2502
24.0321
25.0735
50.2173
44.8151
40.0080
34.4044
33.0246
38.9668
41.1659
31.0883
33.2342
25.0895
45.1846
42.1978
39.2341
35.9814
39.2152
37.5724
34.5822
31.6622
28.9077
26.4158
41.5018
37.2666
32.6900
27.8015
23.1630
36.0140
32.8086
29.4760
26.4468
23.0634
38.7953
35.3108
32.2367
28.9683
23.2913
36.2400
32.1571
30.0988
28.6655
26.1345
36.5936
32.7749
28.7531
24.7981
21.0862
38.7756
35.8301
32.8866
30.1177
27.4855
40.2876
37.4139
34.4764
31.8753
29.4570
34.4961
31.7372
29.0610
26.5648
24.0944
42.0707
39.1296
36.0009
32.8115
29.5989
42.2403
39.3769
34.4816
29.4101
24.2601
35.0900
31.6592
28.5290
25.3766
22.4274
35.5838
32.1710
30.7710
27.9375
23.2661
38.5066
33.2696
28.3552
24.2370
20.8884
39.5530
37.0180
33.0757
28.2000
22.9312
41.2150
38.7399
34.3702
28.8602
25.3537
36.8522
33.1479
28.2278
23.8647
20.3503
35.1091
33.9740
29.2541
23.6951
19.9596
35.7866
31.0198
32.0163
23.4998
19.7423
33.4032
30.1742
26.3437
24.9666
22.9208
22.2624
22.3803
22.7774
22.9944
23.0969
50.1858
37.0496
39.5105
27.7559
31.2734
35.4986
34.8700
27.4612
28.5430
21.4472
43.9704
40.9699
37.9852
34.7420
41.4159
37.8920
34.9134
31.9428
29.1180
26.3953
40.8194
36.4755
32.0508
27.1024
22.1780
36.1820
32.9073
29.8988
26.8896
24.1818
38.1382
35.6282
32.4713
30.1726
26.2243
36.5279
32.3121
29.2584
26.5637
22.6684
37.1722
32.9739
28.3508
23.8508
20.3118
37.9335
34.9455
31.9019
28.9195
26.2786
39.6835
36.7591
33.7078
30.7152
28.3991
33.2732
30.4241
27.7761
25.2069
22.7693
42.5492
39.6854
36.6807
33.5562
30.5501
42.1878
39.3091
34.3810
29.3530
24.1939
38.0443
34.8192
31.8560
28.5999
25.8385
36.5874
33.0373
30.5210
27.4717
24.6017
38.4896
33.2628
28.2345
24.0449
20.8721
37.5415
34.7201
30.6749
26.2014
22.1075
40.0020
37.3395
32.5776
26.8309
22.9329
38.2925
34.4482
30.3179
25.1429
20.6852
30.6954
32.1541
29.3179
26.1398
18.7377
35.9977
30.3512
27.6748
23.1823
22.6003
33.9341
29.6406
25.6918
23.5691
21.6899
24.3392
24.0160
23.9818
23.7410
24.9567
50.3515
42.6300
40.2722
32.9491
33.3549
40.2527
37.6772
32.4848
31.8266
26.4913
41.5749
38.5997
35.5754
30.5732
42.4449
37.6352
34.6423
31.6910
28.6706
26.0093
42.1505
38.5336
34.4663
29.6230
24.2617
36.3862
33.1943
29.9095
26.6512
23.1962
38.4805
35.4714
32.5215
29.3339
26.6708
37.3255
32.7673
29.7474
27.6751
22.7008
37.6695
34.0293
29.6243
24.8970
20.5752
37.9128
34.9383
31.9080
28.9166
26.2591
39.6637
36.7472
33.6990
30.7721
28.4560
33.2890
30.4994
27.7374
25.2592
22.8838
42.3500
39.7509
36.6584
33.5476
30.4488
42.2314
39.3427
34.4138
29.3825
24.2943
37.8329
34.4223
31.3149
28.2878
25.3261
36.6753
32.9826
30.2442
27.4246
24.3071
39.7482
34.5446
29.5709
25.4181
22.3406
37.1335
34.3368
30.6785
27.2210
23.6525
38.4209
36.0741
31.8540
26.8177
23.8348
37.7069
33.6362
29.1528
24.4676
20.6645
35.8701
32.2797
29.8382
26.1979
20.0980
36.1414
31.6099
28.3734
24.6606
22.5662
33.4894
31.6850
28.0021
25.4667
23.8223
25.5905
25.2332
24.8328
24.9282
25.8410
50.3065
43.2543
40.2848
33.4645
33.9734
40.2295
38.1612
32.3506
31.7600
26.3488
44.1748
41.2749
38.2990
35.3103
28.9504
37.5978
34.6028
31.6638
28.6294
25.9519
42.0032
38.2257
33.5080
28.2098
23.0898
36.0568
32.7508
29.5224
26.3954
23.1486
38.8179
35.7883
32.6886
29.1098
24.6040
37.1170
32.4737
29.1200
26.2097
22.0156
36.9590
33.1142
28.8202
24.3725
20.4954
37.9229
34.9311
31.9051
28.9658
25.9352
39.6800
36.7413
33.7207
30.7890
27.8142
33.1711
30.2315
27.3106
24.5084
21.9439
42.4083
39.3573
36.2217
33.0276
30.0002
42.2154
39.3325
34.4135
29.4019
24.2310
37.4759
34.2091
31.1893
28.1191
25.0551
35.4728
31.6682
28.6814
25.3983
22.6359
41.7707
36.5581
31.4044
26.8830
23.4864
39.6523
37.2401
33.6626
29.8054
24.9261
40.6992
38.0461
33.7306
28.4090
24.4373
35.5727
31.2864
27.4656
24.0155
20.9201
34.6627
31.7511
26.9729
23.1634
20.1416
36.2719
30.9446
28.1953
22.8246
22.2140
33.9745
32.7944
30.4223
27.5392
25.6083
23.5694
23.4191
23.3342
23.4034
24.1040
49.5670
43.3750
39.5094
33.3770
33.3181
39.1607
37.7632
31.3177
31.3570
25.3171
43.1393
40.1561
37.2007
34.2025
31.1995
37.5384
34.5286
31.4897
28.4679
25.4413
38.7685
33.9443
29.3537
25.3542
21.6540
35.5643
32.6877
29.7372
26.8556
23.3777
39.3907
36.3099
33.1062
30.1967
26.4697
35.7821
30.6562
26.9839
24.4947
22.1775
35.6237
31.5602
27.2845
23.3794
20.7359
37.9000
34.9592
32.2574
29.8892
27.4699
39.6577
36.7491
34.3904
32.5813
30.9577
33.7510
31.1732
28.6900
26.3344
23.9365
41.8693
39.1256
36.1099
33.0023
29.9900
42.2314
39.3492
34.4288
29.7619
26.0111
38.2066
34.6118
31.8177
29.0489
26.3948
36.4035
32.9833
29.8767
27.4329
23.5329
39.5641
34.3867
29.3743
25.1639
22.0188
37.7321
34.9603
30.9578
26.8831
23.0717
39.2517
36.7381
32.2629
27.0309
23.8492
37.6007
33.6936
29.5125
24.6935
20.6700
33.3159
31.8884
29.8751
26.3951
19.8483
32.0796
28.9557
26.6314
23.6337
21.7048
33.5494
30.4992
26.8466
24.9212
23.2035
28.6248
26.9690
26.0998
25.4129
28.4883
50.2935
43.8820
40.3576
34.3941
34.3118
41.8656
39.2918
34.1771
33.3604
28.1940
44.2818
41.3390
35.7576
44.4406
42.5419
37.5346
34.6427
31.9696
29.5301
27.0686
41.4961
37.3843
33.2145
28.2586
23.3965
35.9288
32.7197
29.4711
26.5229
23.5524
39.1665
35.8981
31.4190
26.8872
24.0188
37.7101
33.9472
31.6606
29.5726
22.7301
36.8750
33.1497
29.3377
24.4788
20.3619
38.2355
35.3103
32.2856
29.3123
26.3111
39.8744
37.0152
34.0191
31.0957
28.0855
33.6617
30.7836
27.8270
25.0730
22.3525
39.9831
36.8994
33.9052
30.7651
27.5131
41.8903
39.0599
34.1351
28.9303
23.6071
36.1931
32.9909
29.8835
26.7990
23.7139
34.4693
31.4706
28.5989
25.9848
22.6775
28.8602
23.8983
19.6396
16.6322
14.7547
41.2893
38.0198
33.3345
27.0848
21.1966
32.1400
30.9631
28.1292
24.3192
21.0546
39.9952
37.0674
33.1789
30.4104
26.4206
31.6230
30.0899
28.0431
25.2255
23.2464
34.4205
35.3250
27.6974
29.9656
24.6795
33.5555
25.4847
24.5548
23.5873
21.9220
20.9700
21.4327
21.4068
21.9479
23.5709
42.5826
40.7153
32.2865
31.0124
26.0493
36.8092
32.3848
28.9417
26.9432
23.0038
42.1260
39.1623
36.1227
33.1109
30.1723
37.7208
34.7944
31.7592
28.7397
25.7184
41.6430
38.4608
35.4156
32.3592
28.9373
36.8200
33.8623
34.6424
27.6202
24.5483
39.7026
36.8412
33.1439
30.1331
25.9414
38.7779
34.1061
31.1236
29.1321
27.3906
38.8951
36.5082
32.9092
28.4938
23.5777
