33.0742
30.0738
26.9981
24.0162
21.0157
33.2294
30.2320
27.2040
24.2479
21.2308
33.0919
30.0514
26.9866
24.0043
21.0220
33.0011
29.9200
26.8470
24.0874
20.9545
32.9979
29.9976
25.0090
20.0192
15.0167
33.3387
29.9847
26.9287
24.0432
20.9913
33.2890
30.2663
27.1280
24.0697
21.1297
34.0126
29.1857
25.3369
22.8195
21.0833
32.7027
30.1412
26.9414
24.0491
21.0453
33.1252
30.2636
27.0572
23.9254
20.9001
33.0157
30.0901
27.1782
24.0313
21.0628
32.6752
31.0824
27.1853
23.9295
21.3124
33.8689
29.4980
27.0706
24.3179
20.7817
32.9089
29.7547
27.0861
25.3577
23.5644
26.9035
25.9304
25.3947
24.7311
24.3370
32.5710
28.1308
22.1303
18.5884
16.2709
35.9478
30.0055
27.9776
23.5081
21.9609
33.0514
30.1706
27.0060
23.9840
20.9925
33.0173
30.0139
27.0138
23.9766
21.0041
33.0525
29.9831
27.0468
23.9619
20.9496
33.0261
29.9641
26.9878
23.9906
21.0083
32.9654
30.1230
26.6787
24.8309
20.8139
32.9339
27.7589
24.8517
22.9044
20.6168
32.9870
30.0005
27.0010
24.0132
20.9283
33.0790
30.0907
27.0729
24.1502
21.2783
33.2860
30.3048
27.3390
24.5378
21.7056
33.0862
30.1169
27.0807
24.1439
21.3059
33.1744
30.1387
27.1297
24.0787
20.9974
33.0165
30.0296
25.1260
20.3521
15.6461
31.4531
28.4509
25.3551
22.3326
19.4112
33.2123
31.3370
26.7293
24.0312
21.2105
39.7308
34.9266
31.0548
28.2957
26.0237
35.1125
33.2222
30.8058
27.7901
21.8446
35.2266
33.1730
30.3420
27.0087
25.1209
32.9993
30.0851
27.1436
24.1390
21.3363
34.3496
30.5187
26.7081
23.9918
20.3829
32.8530
30.2564
27.4783
23.7532
21.2204
32.9951
33.8682
31.0917
29.9792
28.0218
27.3258
25.9244
25.1706
24.2616
24.7004
32.5881
28.1368
22.2260
18.6024
16.9369
33.4820
27.7315
25.5427
21.0350
19.5239
33.0156
30.2384
27.0053
23.9858
21.0202
33.0150
30.0041
27.0231
23.9815
20.9841
33.0148
29.9992
26.9449
23.9718
21.0414
32.9659
29.9837
27.0066
23.9885
21.0091
32.9427
30.0605
26.8056
24.4991
20.5403
32.9378
28.0163
25.0151
22.8227
21.1855
32.9821
30.0021
27.0339
24.2001
21.1413
33.1289
30.1626
27.1142
24.1541
21.1844
33.3334
30.3757
27.3715
24.4573
21.5084
33.1178
30.1725
27.1137
24.1537
21.2154
33.1410
29.9476
27.1289
24.1223
21.1070
33.0598
30.0790
25.1396
20.2173
15.3175
32.3899
29.1595
26.0730
23.0484
20.0568
33.3170
30.2849
27.0252
24.3025
21.1028
40.5463
35.7692
31.8401
28.9086
26.4169
37.9543
35.7786
32.6797
28.8834
22.9665
36.8228
34.6359
31.3840
27.2098
23.4592
33.0002
30.0838
27.0793
24.0869
21.1136
32.8027
30.6315
27.1747
24.2889
20.5569
33.0859
30.0221
27.1418
24.1040
20.5698
32.9417
33.4890
30.7862
29.5967
28.2199
26.8093
25.7704
25.3463
24.5576
25.1106
32.6137
28.1886
22.3133
18.6688
16.5613
34.0130
29.3159
26.0376
23.2872
20.0212
33.0204
30.0017
26.9949
24.0207
21.0050
32.9970
29.9821
27.0103
24.0185
21.0021
32.9801
30.0731
27.0540
24.0021
21.0081
33.0631
29.9921
26.9963
23.9711
21.0183
33.0914
30.0080
27.0372
23.9570
21.4560
32.9721
28.3339
25.0548
22.9594
21.0169
32.9945
30.0982
27.0054
23.9148
21.0087
33.0648
30.0734
27.0065
24.0493
21.0796
33.2534
30.2815
27.2126
24.2635
21.3052
33.0691
30.0843
27.0168
24.0633
21.0815
33.0919
30.0453
27.2123
24.0432
20.8577
33.0050
30.0070
25.0336
20.0985
15.1747
32.8750
29.3161
26.5293
23.4922
20.4700
33.4237
30.3075
27.2999
23.5808
20.6969
41.9761
37.1940
33.2340
30.1356
27.3913
36.5091
34.8290
32.6676
29.7616
24.0362
37.0516
35.0147
31.9551
28.2346
22.8717
33.0110
30.0660
27.1157
23.9612
20.9966
33.0997
29.7336
27.2025
24.0232
21.5329
33.0571
30.0877
27.0722
24.2089
20.8851
32.9839
36.6884
33.0791
31.7866
29.8136
29.4828
27.3492
26.3187
25.2733
25.2702
32.5789
28.1347
22.1527
18.5942
16.4264
35.6562
29.8633
27.7132
23.2112
21.6960
33.0601
29.9826
26.9982
23.9946
20.9872
33.0121
30.0112
26.9992
24.0158
20.9857
33.0921
29.9942
27.0536
24.0486
20.9465
33.0054
29.9845
26.9213
23.9949
21.0933
32.9767
30.0265
27.0747
23.8720
20.0335
32.1518
27.9516
24.9704
23.1563
20.8196
33.0129
30.1163
27.0868
23.9733
20.9301
33.1256
30.1402
27.1292
24.2077
21.2853
33.3103
30.3421
27.3105
24.3977
21.5153
33.1059
30.1384
27.1508
24.1967
21.2879
32.9810
30.0743
26.9762
24.0156
21.0580
33.0519
30.0770
25.1697
20.3380
15.5569
31.9788
28.5083
25.5247
22.5392
19.5444
33.3477
30.2193
27.0947
23.7711
21.0175
33.2302
28.4425
24.3320
21.2822
18.9878
33.7947
31.3176
27.6206
23.1785
18.6884
32.7338
29.8243
26.1664
22.5078
20.0090
32.9949
30.0148
27.0890
24.0793
21.0307
32.1597
30.3102
27.1199
24.2042
20.1298
32.9938
30.8435
26.9072
24.2306
20.8239
32.7831
27.5010
24.2071
22.2823
20.2290
23.5562
23.4652
23.5234
23.4898
23.7746
32.6015
28.1810
22.3370
18.6641
16.8368
33.2202
28.1875
25.2632
22.1533
19.2329
32.9991
29.9846
26.9961
23.9916
20.9853
32.9767
30.0072
27.0105
23.9849
21.0135
32.9526
29.9644
27.0180
23.9895
21.0303
33.0141
29.9580
26.9344
24.0316
20.9141
33.0343
29.9840
26.9172
24.0518
21.2535
32.9066
27.9904
25.1344
22.9836
21.2148
32.9655
30.0524
27.0527
24.0057
21.0458
33.2028
30.2083
27.1520
24.1835
21.1802
33.3416
30.3515
27.2876
24.3029
21.3299
33.2193
30.1950
27.1583
24.1923
21.2034
33.0050
30.1049
27.0420
23.8833
21.2147
33.1279
30.1365
25.1667
20.1966
15.2603
32.6682
29.2471
26.1161
23.2075
20.1948
33.1026
29.9694
27.3488
24.3467
21.3263
33.9108
29.0586
25.2318
22.7510
20.9775
33.4651
30.9648
27.4950
24.0935
20.3818
33.7032
30.7816
27.3732
23.9308
21.1750
33.0323
30.0795
27.1117
24.0402
21.0543
33.4351
29.3681
26.8766
24.4093
21.0459
33.8727
30.6627
27.3377
23.9736
20.8824
32.9427
28.9821
25.7974
24.4084
22.8390
25.4740
24.7556
24.5292
23.9065
23.7580
32.5704
28.3959
22.1245
18.9828
16.1639
32.5297
28.1291
24.5151
21.9414
18.4960
33.0331
29.9974
27.0139
24.0229
21.0248
33.0198
30.0135
27.0228
23.9812
20.9928
32.9128
29.9994
26.9974
24.0478
20.9532
33.0189
29.9939
26.9709
24.0340
20.9590
32.9835
29.9308
26.7879
24.2248
21.9298
32.9791
27.7772
25.1358
23.1952
20.9190
32.9850
30.0558
27.0209
24.0407
21.0069
33.0799
30.0747
27.0247
24.0551
21.0607
33.2691
30.2724
27.2419
24.2898
21.3016
33.0806
30.0702
27.0384
24.0469
21.0741
32.9574
29.8666
26.9284
23.8363
20.9864
33.0072
30.0131
25.0409
20.0709
15.1166
32.7817
29.7107
26.7041
23.6113
20.6823
33.3974
30.3192
27.0696
23.7123
21.4555
39.2483
34.3726
30.0490
26.2334
22.6563
37.0371
34.7945
31.4496
27.5871
22.6606
36.2198
33.8070
30.3862
26.1164
22.8561
33.0189
29.9649
27.0888
24.0377
20.9319
32.8719
30.7106
27.0205
23.7495
21.0026
34.4105
29.9306
27.1327
24.0484
21.2392
32.9351
31.8441
28.5627
26.5375
25.0514
27.0064
25.8366
25.1637
24.6158
24.5717
32.5773
28.1381
22.1802
18.6049
16.3549
35.0806
29.4592
27.1415
23.1435
21.1229
33.2561
30.0304
26.9985
24.0072
21.0128
32.9895
30.0116
26.9799
23.9873
21.0001
33.0260
30.0607
26.9917
24.0852
20.9793
32.9157
30.0334
26.9679
24.0045
20.9254
33.0648
30.0377
26.9990
24.1612
20.9525
32.9617
27.9038
24.8268
23.2876
21.1610
33.0017
29.9912
26.9832
24.0155
20.9549
33.1662
30.1723
27.1353
24.1671
21.2075
33.3505
30.3520
27.3078
24.3464
21.3527
33.2082
30.2090
27.1549
24.1574
21.1913
33.0182
30.1805
27.1384
24.1349
21.1967
33.1045
30.1186
25.1600
20.2241
15.3437
32.2125
29.1987
25.9673
22.9797
19.9408
33.2721
30.0911
27.1400
24.3325
21.4583
31.7974
26.8318
22.7815
20.0189
17.9654
33.6358
31.2802
27.9437
23.9966
19.3297
33.0931
30.2596
26.4812
22.8149
20.3868
33.0279
30.0987
26.9204
24.0434
20.9668
34.5967
31.1317
26.6651
23.9716
21.6923
33.6073
29.4877
26.8129
24.3527
21.0020
32.9633
26.6628
23.2267
22.1642
19.9750
23.2037
23.1636
23.3003
23.4684
25.5599
32.5680
28.3587
22.1193
18.9855
16.1941
32.0250
27.5751
24.0098
21.7293
18.0089
33.0752
30.0099
26.9431
24.0038
20.9802
32.9915
30.0149
27.0237
23.9938
20.9959
33.0095
30.0410
27.0158
23.9158
21.0309
32.9962
29.9452
26.9527
24.0099
21.0462
33.0448
30.0885
27.0658
24.0048
21.2209
33.0288
28.0409
24.9190
23.0233
20.9008
32.9937
30.0611
27.0575
24.0728
21.0149
33.0720
30.0728
26.9909
24.0038
20.9959
33.2620
30.2338
27.1835
24.1701
21.1626
33.0677
30.0688
27.0278
24.0114
20.9991
32.8436
29.9590
26.9807
24.0253
21.2075
33.0026
30.0004
24.9992
19.9925
15.0450
33.0161
29.8317
26.9008
23.8686
20.8657
33.4333
30.2648
27.6563
24.2813
21.5936
37.9858
33.0602
28.8365
25.4784
22.6469
36.3482
34.2611
31.2118
27.7922
23.1619
36.0411
33.5857
30.2402
26.1885
23.3516
32.9945
30.0804
27.0938
23.9821
21.0034
34.1350
31.4515
26.7061
23.9185
21.1079
32.6500
30.0460
26.8813
24.3156
20.7503
32.8680
31.0288
27.6687
26.3187
24.4389
25.4599
24.9959
24.7412
24.3183
24.8385
32.5782
28.1376
22.1244
18.6072
16.1669
34.4199
28.5809
26.4609
22.0508
20.4435
32.9984
30.0031
26.9933
24.0062
20.9932
33.0078
30.0059
27.0218
23.9951
20.9955
33.0309
30.0058
26.9097
23.9915
21.0165
33.0327
30.0141
26.9538
23.9983
20.9899
32.9554
30.0347
26.9443
23.8006
20.8975
32.9384
27.8663
24.8576
22.9726
20.8845
32.9286
30.0064
26.9966
24.0792
21.0340
33.1032
30.1053
27.0302
24.0520
21.0332
33.2792
30.2777
27.1791
24.2100
21.1952
33.1077
30.0921
27.0477
24.0323
21.0324
32.8233
30.2953
27.3707
24.3939
21.5020
33.0315
30.0303
25.0354
20.0198
14.9812
33.4877
30.0598
27.0549
24.0443
21.0934
33.2387
30.2636
27.2874
24.1038
21.3172
38.5369
33.6541
29.5274
26.4339
23.9303
36.2548
34.1617
30.9708
27.3658
23.2769
36.2522
33.9578
30.5891
26.5700
23.7224
32.9928
30.0122
27.0834
23.9582
20.9930
34.3138
31.4132
26.9578
23.7957
20.8319
32.7650
30.0336
27.1363
24.3104
20.2493
32.9256
30.4069
27.4370
25.9008
24.8400
26.0831
25.2976
24.8812
24.4166
23.8662
32.5764
28.1968
22.1219
18.6742
16.1884
35.0637
29.8571
27.1700
23.6652
21.1356
32.9864
29.9436
27.0095
24.0039
22.1714
32.9855
30.0115
26.9896
24.0035
20.9954
32.9754
30.0301
26.9326
23.9994
21.0029
33.0443
30.0163
26.9902
23.9623
20.9420
32.9203
30.1131
26.9381
24.0520
21.6126
32.8005
28.0872
24.8377
22.8465
20.8750
33.0146
30.0842
26.9374
23.9463
20.8883
33.1023
30.1376
27.1163
24.1914
21.2588
33.3267
30.3582
27.3413
24.4217
21.4998
33.1077
30.1138
27.1379
24.1659
21.2697
32.8800
30.2744
27.2435
24.2679
21.3400
33.0360
30.0698
25.1683
20.2994
15.4278
32.1182
28.9747
25.8365
22.8038
19.7997
33.1321
30.0371
26.9569
23.9239
20.9041
35.2297
30.4465
26.6105
23.9683
21.9677
34.1584
31.8086
28.5216
24.8903
20.5476
34.1570
31.3393
28.0002
24.5122
21.5816
33.0011
30.0956
26.9690
24.1168
21.1067
34.2619
32.0959
26.8229
23.9438
21.0042
32.7427
29.5230
27.1798
23.7222
21.3393
32.9807
28.2296
26.0552
24.2462
23.0658
25.4883
25.0154
24.6062
24.2304
25.2815
32.5825
28.1392
22.4072
18.6059
16.8764
34.5643
29.1373
26.5949
23.0734
20.5878
32.9950
30.1546
27.0001
23.9907
20.9858
33.0240
30.0061
26.9821
23.9903
21.0225
32.9901
29.9885
27.0148
23.9724
20.9389
33.0144
30.0343
26.9455
24.0237
20.9011
33.0176
30.0945
26.9091
24.0895
20.8019
32.9917
28.0406
25.1311
23.0009
21.0045
33.0015
30.0340
27.0178
23.9905
20.9557
33.1135
30.1137
27.0477
24.0486
21.0702
33.2800
30.2663
27.2024
24.2295
21.2262
33.1179
30.1184
27.0543
24.0363
21.0860
32.8326
30.0758
27.1136
24.1810
21.3960
33.0458
30.0479
25.0603
20.0900
15.2467
32.5397
29.3418
26.2494
23.3083
20.2942
33.0045
30.1937
26.9876
24.1956
21.2171
38.0597
33.1103
29.1093
26.1825
23.6000
35.6575
33.7837
31.2144
28.1862
23.1530
36.3799
34.0711
30.8029
26.7755
23.3234
33.0291
30.0193
26.9808
24.2007
21.0841
33.7321
32.0643
26.8988
23.7834
21.1459
33.3162
30.4665
27.0147
24.0383
20.5743
32.9780
32.4841
28.7874
27.6737
25.5262
25.1295
24.6048
24.3133
23.9835
25.2471
32.5681
28.2327
22.1118
18.7631
16.1127
33.6927
28.1463
25.7490
21.6477
19.7388
33.1145
30.0223
26.9552
24.0143
21.0053
33.0060
30.0248
27.0222
24.0032
20.9821
32.9992
29.9774
27.0455
24.0091
20.9561
33.0111
29.9796
26.9004
23.9729
21.0478
32.9186
30.0203
26.9854
23.9544
20.7804
32.9425
28.0588
25.1542
23.0102
21.0425
33.0494
30.0736
26.9855
23.9293
21.0109
33.1134
30.1296
27.0678
24.0734
21.1192
33.2932
30.2883
27.2578
24.3057
21.3669
33.1068
30.1392
27.0590
24.0925
21.1420
32.7514
30.3164
27.2421
24.3189
21.1941
33.0545
30.0590
25.0846
20.1476
15.2928
32.3963
29.1990
26.0863
23.1612
20.1039
33.2588
30.1922
27.2835
24.2596
20.9882
30.8338
26.2177
22.6864
20.4798
19.0075
31.6210
28.8220
25.2289
21.8501
18.6621
31.3709
28.1113
24.6783
21.8705
19.5547
33.0435
30.0974
27.0914
24.0224
21.0796
34.6740
29.8574
26.7875
24.6569
20.7201
32.6896
30.4330
26.8370
23.6413
20.7586
32.2555
25.4194
22.6882
21.7527
20.2301
25.5177
24.8260
24.6057
24.1342
24.4438
32.5746
28.2404
22.1448
18.7436
16.2919
33.3236
28.7512
25.4114
22.5533
19.3927
32.9392
29.9819
27.0030
24.0055
21.0034
32.9888
29.9999
26.9930
23.9869
21.0085
32.9869
30.0792
26.9958
24.0089
21.0027
33.0489
29.9161
27.0411
23.9991
20.9560
32.9203
29.9675
27.0468
24.3728
20.1287
32.9713
28.0379
24.9763
22.9784
21.0093
32.9893
30.0028
27.0631
24.0504
20.9827
33.0964
30.0867
27.0294
24.0638
21.1190
33.2767
30.2850
27.2497
24.2963
21.3637
33.0744
30.1154
27.0478
24.0773
21.1315
32.9178
30.1478
27.1181
24.1240
21.2024
33.0137
30.0177
25.0542
20.1549
15.3189
32.3144
29.0918
26.1384
23.1531
20.1084
33.3855
30.2798
27.1822
24.0717
20.6643
35.5017
30.7343
26.7516
23.7778
21.4511
33.4871
31.0956
27.9022
24.5603
20.6258
32.3234
29.7898
26.7521
23.4608
20.8707
33.0263
29.9929
26.9571
24.0220
20.9668
34.7932
30.1539
26.5209
24.1799
21.1460
32.8095
30.4269
26.8860
23.8465
21.6381
32.9752
28.4291
25.2585
23.5794
21.8044
25.5067
24.9348
24.6675
24.3747
24.1052
32.5888
28.1433
22.1739
18.6280
16.4204
33.1736
27.5085
25.2177
21.3889
19.2012
32.9939
30.0067
26.9879
24.0081
20.9948
33.0111
30.0014
26.9973
24.0240
20.9898
32.9924
30.0041
27.0301
24.0265
21.0004
33.0121
29.9623
26.9812
23.9757
20.9680
32.9800
30.0499
26.9512
23.9521
20.6646
33.1984
27.8029
24.8144
23.2356
20.7816
32.9894
30.0607
27.0472
24.0212
20.9347
33.2148
30.2619
27.2517
24.3351
21.4543
33.3587
30.3897
27.4016
24.5139
21.6658
33.1922
30.2627
27.2307
24.3192
21.4384
32.8257
30.0317
27.1334
24.2800
21.5830
33.1581
30.1883
25.2945
20.5353
15.8700
31.2321
28.0372
24.8963
21.9261
18.9126
33.2421
29.8297
27.7367
24.2315
20.3375
39.0656
34.3060
30.4367
27.4167
24.6246
36.0920
34.1359
31.3126
27.4844
21.0042
35.8779
33.6779
30.7356
27.0832
23.3924
32.9802
30.0605
27.0670
24.0224
20.9152
32.4098
29.8834
26.5611
24.0457
21.3461
33.6365
29.9817
27.0459
23.9764
21.0938
32.6558
32.8399
29.7305
28.7569
26.9763
25.3702
24.7476
24.1154
23.7857
24.3079
32.5973
28.3933
22.3132
18.9673
16.7995
31.5751
29.0854
23.5246
23.4442
17.5391
32.9991
30.0167
26.9795
24.0176
21.0164
33.0015
29.9938
26.9997
23.9758
21.0121
32.9781
29.9096
27.0254
23.9932
20.9793
33.0181
29.9703
26.9156
23.9784
21.0095
32.9982
30.0978
27.0701
24.0332
21.4155
33.0163
28.1172
24.9817
22.8487
21.1197
32.9094
30.0028
27.0254
24.0323
20.9674
33.0712
30.0817
27.0097
24.0155
20.9895
33.2610
30.2521
27.1935
24.1889
21.1615
33.0661
30.0820
26.9971
24.0143
20.9617
32.8624
30.1095
27.0594
24.0799
21.2197
33.0079
30.0083
25.0108
19.9840
14.9474
33.6173
30.1017
27.2663
24.1890
21.2275
33.2836
30.2869
27.1463
23.7904
21.2319
38.8368
34.0034
30.2332
27.7965
25.9448
35.6586
33.5090
30.7674
28.0480
24.5749
36.5268
34.0920
30.8745
26.8991
24.1333
32.9846
30.0822
26.9796
23.9109
21.0174
34.0267
31.6665
26.8061
24.0210
21.8310
32.5866
29.9572
27.0091
24.0050
20.5833
32.7947
33.2825
30.8827
29.2549
27.8142
28.7821
26.9970
26.0167
24.9704
25.2226
32.5685
28.1569
22.1164
18.6483
16.1257
35.9918
30.5820
28.0492
24.2145
22.0318
33.0242
30.0010
27.0096
23.9771
21.0111
33.0089
29.9872
27.0003
24.0021
21.0049
33.0257
30.0194
26.9767
23.9948
21.0245
33.0425
29.9696
26.9656
24.0065
21.4867
32.9941
29.8927
26.9279
24.4171
21.1900
32.9564
27.8770
24.7574
23.1680
21.2431
33.0294
29.9394
27.0534
23.9857
20.8848
33.1155
30.1768
27.1845
24.3082
21.3707
33.3156
30.3717
27.4007
24.4893
21.5777
33.1134
30.1589
27.1577
24.3025
21.3772
32.8203
30.2827
27.2931
24.3633
21.5765
33.0391
30.0990
25.2606
20.3993
15.5009
31.9679
28.5762
25.5014
22.6232
19.6139
33.2107
29.7375
26.5922
23.9824
22.4083
38.3489
33.6407
29.7371
26.7594
24.3138
36.1308
34.0126
30.7907
26.5094
21.1250
36.4197
33.9662
30.5453
26.6225
23.9194
33.0270
30.0654
27.0330
23.9551
20.9908
34.2285
30.7565
26.9246
24.2828
21.0567
33.3362
29.8698
26.9217
23.8364
21.7705
32.9702
29.8094
27.8120
27.7831
24.8125
26.8671
25.7210
25.1500
24.5131
24.6173
32.5780
28.1359
22.6131
18.5947
17.1873
33.9511
28.4227
26.0186
22.4636
19.9957
32.9871
29.9647
27.0131
24.0295
23.7086
32.9872
29.9812
27.0144
23.9982
20.9762
33.0106
29.9345
27.0138
23.9832
20.9806
33.0411
30.0052
27.0258
24.0414
21.0196
33.2084
29.9916
27.1249
23.6805
21.0179
33.0865
28.1580
24.7761
23.2461
20.8812
32.7922
29.9860
27.0120
24.0348
20.9528
33.1021
30.1339
27.0930
24.1641
21.2411
33.3054
30.3362
27.3217
24.4270
21.5477
33.1043
30.1299
27.0871
24.1534
21.2490
32.9220
29.9912
26.9995
24.0557
21.1877
33.0413
30.0603
25.1372
20.2957
15.5927
31.7812
28.4646
25.4666
22.4713
19.4436
33.3784
30.2068
26.7572
24.4281
21.2055
35.0928
30.4178
26.5487
23.6913
21.5536
33.7238
31.3192
27.9325
24.3697
20.0647
33.3571
30.8409
27.5337
24.0977
21.7284
33.0103
30.0072
27.1255
24.0060
20.9483
32.4670
31.2289
26.7194
24.0835
20.9394
32.6482
28.8669
26.9392
23.9784
21.0673
32.9326
28.6153
25.7455
24.6111
22.4371
24.2866
24.0110
24.2258
23.8391
24.0181
32.5852
28.1854
22.2750
18.6549
16.6950
34.9996
30.3240
27.0197
24.0786
21.0023
33.0221
29.9839
27.0131
24.0202
21.0226
32.9863
30.0008
27.0028
24.0064
21.0138
32.9024
30.0136
27.0426
24.0015
20.9722
32.9878
29.9538
26.9775
23.9649
20.9415
32.9212
29.9761
26.9616
24.1173
21.0043
32.9772
27.9883
25.1750
23.2284
21.0562
33.0043
29.9672
27.0076
24.0291
20.8405
33.0851
30.0989
27.0456
24.0809
21.0873
33.2924
30.2859
27.2355
24.2809
21.3120
33.0919
30.1189
27.0424
24.0719
21.1082
32.9808
29.2811
26.3315
24.0569
20.5827
33.0286
30.0365
25.0723
20.1240
15.1904
32.6092
29.4393
26.4313
23.5015
20.4385
33.3012
30.0964
27.3058
24.2080
21.0957
34.2051
29.1529
24.9059
21.8187
19.5961
34.8558
32.7314
29.9280
26.5173
21.7529
34.7795
32.2607
28.6847
24.7491
21.6187
33.0380
30.0053
27.0067
23.9902
21.0332
33.7446
29.5118
27.5452
24.3976
21.3548
32.6854
31.6060
27.1355
24.1146
21.4242
32.9881
29.8077
26.9595
25.1584
23.3364
25.0333
24.5492
24.4081
24.0517
24.3822
32.5742
28.1889
22.1407
18.7487
16.2378
33.1338
27.8759
25.1805
22.0129
19.1647
33.0320
29.9908
27.0124
24.0114
20.9855
32.9947
29.9778
27.0187
23.9894
20.9964
32.9654
29.9777
27.0530
23.9820
20.9143
32.9917
30.0324
26.9539
23.9859
20.9399
33.0210
29.9667
26.9431
23.9081
20.5472
32.9078
27.9143
25.0136
22.8141
20.9893
32.9371
30.0991
27.0726
24.0056
21.1709
33.8725
30.9145
27.9146
25.0085
22.1310
33.8891
30.9325
27.9374
25.0776
22.1870
33.8446
30.9067
27.9220
24.9903
22.1344
32.8180
29.9474
27.0193
24.1757
21.4500
33.8117
30.8563
25.9896
21.1798
16.3294
30.2861
27.1820
24.0652
21.0140
18.0343
32.1310
28.7884
28.5765
26.0135
20.9502
36.6340
31.7423
27.6999
24.6352
21.9667
36.3329
33.9611
30.1222
24.9277
18.8073
36.3387
33.8993
30.5077
26.6430
23.6716
33.0522
30.0622
27.0878
23.9656
20.9827
33.0551
31.6166
27.5374
24.4790
20.8577
32.6293
30.1118
27.0160
23.2810
21.3476
32.9780
29.3708
26.7658
25.6744
23.6901
23.1058
23.0843
23.3396
23.4264
23.5119
32.5757
29.9392
22.2025
20.8561
16.3795
29.3699
25.8373
21.2988
20.6019
15.2795
33.0247
30.0175
26.9940
23.9809
21.0045
32.9954
29.9834
26.9978
24.0235
21.0247
33.0661
29.9549
26.9993
24.0316
20.9157
33.0610
29.9915
26.9783
23.9344
21.0220
33.0426
30.1142
27.0246
23.8799
21.0456
32.9537
27.9190
24.9598
23.2412
20.7715
33.1976
30.0170
27.0272
24.0248
21.0357
33.1149
30.1132
27.0418
24.0456
21.0578
33.2889
30.2834
27.2138
24.2184
21.2396
33.1190
30.0780
27.0636
24.0724
21.0299
32.9101
29.9620
26.9460
23.8886
21.0576
33.0396
30.0402
25.0474
20.0485
15.0527
33.1776
29.9481
26.9293
23.8071
20.8247
33.4454
30.1342
27.6002
24.2510
21.8489
34.8619
30.0433
26.1464
23.4419
21.3750
34.2050
31.7873
28.4091
24.9144
21.3046
33.9251
31.2339
28.0008
24.5203
21.0914
33.0920
30.0671
27.0535
24.0577
20.9681
32.7537
30.1826
27.3001
23.9566
20.8511
32.9535
29.9592
27.1479
23.7057
21.0610
32.9543
28.4074
25.7480
24.0229
22.2403
25.2795
24.6562
24.4325
24.0358
24.5654
32.5691
28.2158
22.1252
18.6882
16.2086
34.4202
29.3467
26.5115
22.9124
20.4924
32.9840
30.0199
26.9896
23.9829
21.0207
33.0066
30.0002
27.0162
24.0071
21.0023
32.9668
29.9771
27.0096
24.0416
21.0133
33.0343
29.9968
26.9795
24.0316
20.9425
32.9096
30.0465
26.9874
24.0649
21.7938
33.0040
28.0248
25.1536
23.0036
21.0095
33.0146
30.0577
27.0112
23.9742
20.9915
33.1166
30.1187
27.0611
24.0488
21.0360
33.3040
30.2952
27.2212
24.2341
21.2554
33.1208
30.1361
27.0457
24.0533
21.0374
32.8503
30.1899
27.1063
24.1070
21.2203
33.0514
30.0504
25.0520
20.0579
15.1448
32.8981
29.6009
26.4771
23.5493
20.5144
33.1955
30.2869
27.5087
24.9946
21.6245
36.3014
31.4933
27.6165
24.9121
22.8849
34.1588
31.8274
29.0001
26.1989
22.2742
33.6214
31.3872
28.4487
25.0946
22.1958
33.0571
30.0118
27.0698
23.9889
21.0108
33.7411
30.4659
27.5566
23.8201
20.7116
33.3974
30.0091
27.0742
24.0327
20.6214
32.7605
30.5779
27.8153
25.6343
24.3882
26.3104
25.5558
25.0059
24.5530
24.7130
32.5691
28.2441
22.1162
18.7274
16.1409
33.8314
28.8909
25.8374
22.2444
19.8186
33.0240
30.0358
27.0549
24.0122
21.0060
32.9958
29.9774
27.0236
23.9956
21.0146
32.9475
30.0989
27.0809
24.0236
21.0309
32.9817
29.9688
26.9845
23.9301
20.9094
32.9743
29.9065
27.0128
24.0220
20.9929
33.0520
27.9047
24.8892
23.1744
21.0237
33.0042
29.9926
27.0917
24.0684
20.9263
33.1481
30.1362
27.0849
24.0925
21.1360
33.3161
30.3178
27.2756
24.3442
21.4023
33.1491
30.1233
27.1014
24.0845
21.1400
32.8061
29.8400
26.9762
24.2017
21.6457
33.0669
30.0732
25.0967
20.1586
15.3098
32.2831
29.1169
26.1570
23.1039
20.1050
33.3196
30.0060
27.3173
24.3270
21.3578
39.8444
34.9490
30.6026
27.0936
24.3635
37.5551
35.5933
32.6039
28.8879
22.7664
37.2582
34.9964
31.5319
27.1005
23.3466
32.9881
29.9658
27.0616
24.0145
21.0853
33.6227
29.6005
27.2135
23.8762
20.8571
32.9913
29.9680
26.9869
23.9255
22.2968
32.9780
32.3769
30.5093
27.6989
26.0291
23.8221
23.6581
23.6461
23.6764
23.7026
32.6098
28.2276
22.1699
18.7801
16.2225
32.3495
27.3869
24.4092
21.2195
18.3890
33.0073
30.0145
26.9926
24.0022
20.9965
33.0234
30.0077
26.9949
23.9894
20.9993
33.0223
29.9320
26.9778
24.0841
21.0751
32.9319
29.9975
27.0004
24.0274
21.0648
33.0607
30.0014
26.9786
23.9669
20.9096
33.0072
28.0840
24.9787
22.8821
20.9456
33.0617
30.0261
27.0121
23.8349
20.9999
33.0977
30.0950
27.0067
24.0110
20.9812
33.2808
30.2543
27.1985
24.1905
21.1898
33.0740
30.0686
27.0082
24.0390
20.9871
32.8723
30.1022
27.1321
24.1506
21.3191
33.0244
30.0221
25.0157
19.9921
15.0415
33.1697
29.8793
26.8937
23.8458
20.8150
33.4019
30.2073
26.7974
24.4600
21.6943
35.6933
30.9236
27.0681
24.4162
22.4637
34.9964
32.5690
29.2274
25.8001
22.0623
34.3430
31.8606
28.5343
24.8380
22.2946
33.0400
30.0736
27.0549
24.1199
21.0695
32.9972
29.7793
27.7211
24.4183
21.0233
32.5855
30.0268
27.4157
24.2502
21.0501
32.9128
28.8343
26.5720
24.8724
23.5255
29.4924
27.4247
26.2691
25.2611
25.8757
32.5679
28.1902
22.1110
18.6584
16.1070
36.1950
31.4302
28.2995
24.6309
22.2821
32.9933
29.9829
26.9557
24.0115
21.0082
33.0084
29.9754
26.9996
24.0051
20.9834
33.0021
29.9740
27.0983
24.0009
21.0122
33.0157
30.0633
27.0087
23.9337
21.0531
32.9599
30.0376
27.1124
23.0199
20.8329
32.9587
27.7823
25.0731
22.8420
21.0601
32.9669
30.0018
27.1599
23.9156
20.8984
33.5999
30.6231
27.5874
24.6185
21.6510
33.7441
30.7665
27.7167
24.7702
21.7836
33.5659
30.6325
27.5898
24.6701
21.6496
33.0944
29.9752
27.0227
24.0070
20.9849
33.5459
30.5637
25.6124
20.6667
15.7079
31.4290
28.1166
24.9973
22.0356
19.0355
34.0981
30.6572
27.8991
25.2292
21.6536
23.4734
18.7850
15.7167
14.1954
13.3173
38.3614
35.0065
30.0877
23.2902
17.6906
25.7662
24.6773
22.0426
19.1069
16.6016
32.9852
30.0814
26.9348
24.0023
20.9631
25.9279
24.6335
23.6355
21.4660
19.2730
32.5385
30.4727
26.9897
24.2066
21.0024
32.2663
25.8696
24.1258
23.2205
21.3476
20.1409
20.6822
21.1106
21.8446
23.7640
33.3281
28.4739
22.9769
18.9962
17.1339
30.1647
28.4672
22.2647
22.8219
16.2708
33.0271
30.0678
27.0249
23.9877
21.0164
32.9824
30.0109
26.9763
23.9826
20.9970
32.9503
29.9669
27.0096
23.9385
20.9015
33.0218
30.0625
30.8127
23.9693
21.0197
32.9380
30.0150
27.0358
24.0208
20.9593
32.7680
28.0072
24.9406
22.8522
20.9419
33.1593
30.2330
26.8891
23.9664
20.7553
