42.0240
38.6820
35.6530
32.7424
29.6653
42.7057
39.6738
37.2436
34.7617
32.1326
36.1796
33.1868
30.3995
27.6670
25.1105
50.5997
47.3002
43.8686
40.6705
36.8846
48.8567
45.6318
40.0927
34.6961
29.4574
41.8845
38.2364
35.5415
32.6277
29.3548
40.4338
36.5105
33.8308
30.6924
25.9496
44.5365
36.7599
30.2737
25.1954
21.7008
40.4166
37.2228
32.2748
27.4053
23.1386
44.2078
42.1607
36.8271
28.7197
24.6839
45.4358
40.8200
35.0815
27.8671
22.0055
37.2574
35.8107
31.2804
28.5174
25.8025
41.6537
31.8732
28.3345
26.8090
26.9863
35.9531
32.7786
28.3329
26.4336
24.2987
26.0990
25.3830
25.1444
24.7559
25.2809
50.8004
46.4052
40.2763
36.8932
33.4249
43.5726
53.0009
34.9243
43.1074
28.5401
44.9676
41.9647
38.8316
34.1161
42.9699
41.8856
38.4935
35.3494
32.2654
29.3255
51.2267
47.2749
42.3827
35.6036
27.8093
41.3548
37.3284
33.1379
28.9805
25.2374
41.6925
38.0361
32.3831
29.4947
24.2222
40.7458
36.5304
34.2155
31.5422
23.5422
43.0646
38.7206
33.0943
26.8829
21.7950
41.4097
37.9773
34.6611
31.7469
28.9506
42.8708
39.6474
36.4588
33.9857
31.3369
35.1681
32.3735
29.6593
27.1777
25.0776
51.3838
47.5807
43.5223
39.1747
34.6846
48.7582
45.2511
39.4271
33.7675
28.6661
39.4164
36.2661
32.9731
30.0021
27.2348
38.3759
35.9904
32.4445
31.4714
27.2804
47.6896
41.1186
35.1562
30.1770
26.3753
40.8914
38.0353
34.3033
30.7866
27.0213
41.0696
38.6708
34.5590
29.4485
26.6887
38.8897
33.8719
28.6447
24.7517
22.0631
35.5184
34.7939
24.7942
24.3906
22.2957
35.4117
32.1334
28.6729
25.4186
24.1276
35.5225
36.3582
32.4709
30.8910
28.6985
26.8381
25.9764
25.6995
25.7135
26.1413
50.6593
46.2380
40.0568
36.4269
33.1713
45.5110
44.3558
37.2835
37.4879
31.0686
50.0126
47.2281
44.0801
41.0085
38.1013
41.7339
38.2310
34.9721
31.6419
28.5865
46.9506
40.1234
33.0422
26.9790
22.7131
38.4029
34.6652
31.2255
28.0133
25.3838
41.6354
37.7295
34.4295
29.5464
23.4657
38.7012
32.8169
27.1976
24.1151
22.5883
38.8511
33.6638
28.3649
24.3821
21.3428
40.8252
37.7006
34.4316
31.2802
28.2069
42.4065
39.3254
36.1814
33.1104
30.0582
34.5336
31.5255
28.5075
25.6955
23.1208
48.9950
45.1229
41.4909
37.4284
33.1759
47.2215
44.0832
38.7184
33.2848
27.6533
40.2740
36.8665
33.6354
30.3919
27.1819
36.7840
32.6213
30.0762
26.9371
22.8066
47.2838
41.0757
35.1834
30.1130
26.1160
43.1902
40.3654
36.2600
31.7356
26.5734
42.9668
40.5774
35.8340
29.8001
25.2011
39.2171
33.0648
28.1997
24.0155
20.9809
36.8911
34.2266
25.0083
23.5172
20.9955
39.0000
31.1911
30.1212
24.2236
20.7312
34.1699
36.2966
31.7778
30.1564
27.8514
26.1464
25.2466
25.1459
24.6509
25.5578
50.2507
44.5202
39.1580
34.3696
31.9808
41.0961
38.5643
33.0126
31.9557
26.9227
43.4465
40.5443
37.5178
34.5204
31.4967
40.3737
37.0646
33.9338
30.7158
27.5157
43.1321
37.8550
31.8942
26.2316
21.7517
38.3824
34.9143
31.6548
28.3384
24.4683
43.4186
40.0472
36.8101
30.3870
26.7773
38.0610
32.3016
26.8176
23.9743
21.8733
38.6849
33.0994
27.6599
23.5356
20.7157
41.1000
37.8423
34.5004
31.5788
28.7592
42.5655
39.4240
36.2099
33.6442
31.0576
34.9906
32.1521
29.3429
26.8426
24.5296
48.0048
44.2166
40.6256
36.6823
32.8207
48.1106
44.7958
39.1928
33.6187
28.3265
40.6700
36.7696
33.9588
30.6604
27.6908
38.0068
34.1480
31.2085
27.3207
25.5225
49.2825
42.7789
36.7253
31.4709
27.2860
41.5006
38.7921
35.2839
31.5068
27.1255
43.2033
40.3779
35.3744
29.8795
26.0182
36.7036
31.6235
27.5452
23.8149
21.3814
35.9421
32.8224
29.9937
23.0794
21.9279
36.4164
30.7082
27.4863
25.8280
21.3491
34.1578
38.9500
33.4421
31.9508
29.6603
29.1915
27.9872
27.4254
27.2164
25.9136
50.6609
46.2411
39.6034
36.6576
32.3705
43.3584
46.7255
35.2188
38.9959
29.0989
45.8039
42.9540
39.9357
36.7743
33.1372
41.1641
37.8682
34.6033
31.4772
28.6061
44.0947
36.5238
30.1727
25.3901
21.5427
37.8728
34.3392
31.1101
28.1564
24.3001
42.3704
39.0007
34.3168
30.6117
21.9934
37.8005
32.0314
27.7779
25.4941
22.1791
36.8596
31.5739
27.2643
23.7660
20.8517
42.8807
39.3406
35.8738
32.5274
29.1713
43.5372
40.1979
36.9126
33.7111
30.6345
35.8457
32.6505
29.6442
26.8248
24.1664
51.3966
47.9302
44.0710
40.1443
35.9195
50.0769
46.6194
40.6597
34.5192
28.0556
40.8354
37.0213
33.8970
30.4041
26.9642
40.4842
35.9840
32.0016
27.9391
25.2425
46.4027
37.6286
30.1002
23.8101
19.3948
41.1793
37.7312
32.6021
26.6844
21.1731
39.8138
37.4925
33.5677
27.1848
22.8035
43.9109
39.6582
35.2366
29.3467
23.3503
36.6502
34.3381
31.1753
22.5921
23.8532
39.1304
33.8751
32.5459
25.8584
22.5776
35.3895
29.8670
25.2266
22.7847
20.4096
22.7906
22.8603
23.0325
23.2517
25.7941
50.7285
45.1618
39.0161
34.8632
30.1758
40.4753
39.4892
31.7798
32.4247
25.3671
42.9171
39.7909
36.7179
33.6120
35.9953
42.3935
38.9539
35.4476
31.9365
28.4750
51.0004
46.3504
41.1979
34.9603
28.5081
40.8313
36.6878
32.6483
28.4854
23.9916
45.3321
40.9220
36.0065
30.3122
25.8638
39.2786
34.3810
31.7887
30.0328
28.1590
41.4610
37.6594
33.4168
28.5332
23.2025
41.7930
38.5186
35.0603
31.8244
29.0669
42.7132
39.5576
36.3780
33.2218
31.2026
35.7414
32.7389
29.9331
27.3926
24.7566
50.0712
46.8063
43.2356
39.4331
36.1116
47.5363
44.2467
38.8083
33.1919
27.3412
40.6627
36.7899
33.4760
30.2375
26.9829
38.2811
34.5430
32.9084
29.2037
26.0348
42.2284
35.4633
29.4571
24.8074
21.5230
40.4622
37.0907
32.3671
27.5501
22.8897
43.1532
41.0722
36.4364
28.5653
24.2864
43.7839
39.2246
34.0104
27.6644
22.0137
37.1797
32.7930
30.3667
27.8306
22.9349
39.7079
38.8829
30.4231
26.1800
23.2853
35.6652
32.2127
27.3409
25.3554
23.2709
25.0051
24.4282
24.2572
23.7693
23.9159
50.7893
40.2312
40.3331
30.4034
33.9128
39.1781
35.1231
30.9419
29.6437
24.7975
46.5272
43.4952
40.4485
37.1345
39.1499
40.5406
37.2762
34.0471
30.6999
27.9001
49.4706
45.3936
40.2568
34.3272
27.1493
40.2616
36.4069
32.3873
28.4696
24.5586
42.6117
38.4470
33.0537
30.3540
26.6451
40.3184
35.5262
32.9948
31.0975
23.0854
41.5406
37.9335
33.1186
27.4017
21.7635
41.7199
38.3936
35.0120
31.7069
28.4638
42.8061
39.6593
36.4074
33.2931
30.1242
35.1640
32.1004
29.2139
26.5281
24.0841
50.9386
47.4178
43.8209
39.7961
35.8381
48.6164
45.3733
39.8005
34.1248
28.2447
41.0926
37.9256
34.7002
31.3600
28.1029
37.6580
34.1694
30.3800
27.0506
24.9187
45.7750
39.3734
33.0571
27.0396
22.0574
42.8352
39.6991
34.9995
29.8845
24.4570
41.9350
39.5677
35.1902
28.8628
24.8191
39.9648
34.0841
29.0212
24.4626
20.8107
34.4637
33.3520
30.0734
25.8771
20.4918
36.8087
32.5967
27.7946
24.2900
21.9495
34.3445
34.2738
29.4175
26.7661
25.1714
26.7266
25.6726
25.1269
24.9529
25.4699
50.7446
46.2427
39.9953
36.5911
32.8082
42.3241
47.5123
33.9515
38.5793
27.7225
43.6936
40.5790
37.5996
34.3867
29.3725
41.1811
37.9225
34.5766
31.3316
28.1352
45.1968
39.5795
33.0638
27.4351
22.5665
38.7578
35.1124
31.4781
28.0298
23.8300
42.8331
38.9811
34.6599
30.1311
23.6148
37.9402
32.7016
28.4393
26.8353
23.1118
39.5115
34.4138
28.9288
24.3703
20.8146
42.4548
39.0334
35.6311
32.2782
29.0757
43.1766
39.8982
36.6685
33.5196
30.5577
35.9623
32.9492
30.0470
27.2996
24.6962
50.3270
46.9886
43.3002
39.4657
35.4949
49.2170
45.8078
40.0122
34.0758
27.7251
40.7366
37.6132
34.0541
30.4457
26.9229
40.7049
36.2314
32.5429
29.2472
25.4764
41.4966
34.0127
27.4438
22.0562
18.0671
41.1584
37.9501
33.4320
28.1483
22.2551
41.3380
39.2340
35.0696
28.4557
23.8704
43.6085
38.9850
34.2703
30.2529
23.8540
39.3458
35.0929
30.5376
27.8608
19.2581
41.2590
31.0209
34.7702
28.2622
22.0028
35.3946
29.4241
24.3249
23.0030
20.2024
22.7875
22.7766
23.2456
23.5009
25.9413
50.8532
43.7309
40.3798
32.7766
33.3527
38.7534
38.4596
30.1688
31.9009
23.8746
42.0369
38.8986
35.3911
44.5270
42.1907
41.7120
38.4092
35.0494
31.5988
28.2907
50.6916
46.2628
40.9777
34.8151
28.9050
40.9715
36.9432
32.9922
28.9896
24.8222
42.9508
38.6491
34.8112
29.4611
25.0447
38.9725
34.4500
32.0473
30.7697
29.4644
41.6855
38.0404
33.9800
29.0625
23.6923
41.2209
37.9784
34.7292
31.5334
28.4318
42.5212
39.4183
36.2052
33.0752
30.0874
34.9784
32.0135
29.1227
26.5191
23.9673
49.8011
46.3282
42.4739
38.3510
34.2003
47.8583
44.6839
39.2956
33.8450
28.1161
41.0497
37.4805
34.4244
31.1111
27.7565
38.2883
34.6032
30.8548
27.1740
24.2415
46.0738
38.9371
32.2047
26.3378
21.8743
42.4581
39.5211
35.1613
30.4756
24.7130
42.8266
40.3616
36.0647
29.6263
25.4090
40.3454
35.9399
30.0279
24.7575
20.6875
38.0943
35.3466
30.0291
27.1417
21.3310
36.7477
32.3031
27.6147
25.2185
25.3819
34.5486
33.4173
28.2960
26.1600
24.1888
24.7699
24.4557
24.3221
24.2044
25.0790
50.6885
46.2663
40.0971
36.5091
33.6306
40.6782
47.1715
32.3850
38.6650
26.1727
42.1382
39.0602
36.0085
32.7231
44.3093
40.9077
37.6537
34.5392
31.2941
28.2453
45.0986
39.7702
34.2086
28.3474
23.0763
39.1856
35.5575
31.9364
28.5454
23.4170
42.7471
38.9171
35.0648
28.1952
24.3514
37.1001
32.5175
29.2043
26.7284
22.5967
40.3679
35.2812
29.5755
24.6384
20.5598
41.2796
37.9924
34.6524
31.5258
29.1744
42.5371
39.3947
36.1356
33.3544
31.7210
35.3375
32.5491
29.8704
27.2348
24.7775
48.2246
45.1652
41.4875
37.6423
33.8569
47.9053
44.6563
39.1451
33.5770
28.2071
41.5720
37.6465
34.4946
31.1880
28.2175
37.9729
34.5344
30.8697
27.2247
24.6151
47.6005
40.3978
33.6973
28.0675
23.8614
41.8325
38.9610
34.4538
29.6079
24.8388
43.2833
40.9471
36.3827
29.7553
25.6017
40.2299
35.0703
29.2106
24.4160
20.5993
36.9120
34.5016
30.0797
23.6447
20.0657
39.7617
31.3752
28.5100
23.4019
24.3135
34.6703
32.5601
28.1502
25.9697
24.8080
25.5339
24.9669
24.7616
24.6402
23.9886
50.7407
43.9662
40.1724
33.9401
33.2102
41.3627
40.0723
33.1364
33.5366
26.9345
42.1120
38.5712
40.6633
46.7648
44.5947
40.7467
37.5422
34.2429
31.1584
28.7584
44.7966
39.1458
33.3500
27.7961
22.7547
38.7425
35.0067
31.5583
28.1645
23.8476
42.3717
37.5777
33.8742
32.0169
26.5534
38.9487
34.8733
29.4262
24.5222
21.4355
39.6379
34.9253
29.1859
24.2082
20.3419
41.8681
38.5031
35.1193
31.9226
29.0087
42.9163
39.7553
36.5176
33.4280
30.9476
35.3854
32.3634
29.6224
26.9525
24.4645
50.9787
47.9797
44.2796
40.4439
36.3912
48.8298
45.5592
39.8301
33.9216
27.8406
40.2536
37.0046
33.6819
30.4682
27.4586
39.1399
34.7766
31.5723
28.0542
25.8737
45.1865
37.9859
31.5405
26.2909
22.5131
40.9512
37.7099
33.1680
28.3034
23.5793
42.0703
39.7684
35.3216
28.6635
24.3650
42.6074
38.2725
33.3107
26.6288
21.6182
38.8925
33.1460
30.6236
26.2556
22.5524
33.1041
35.5612
27.0970
24.9388
22.5261
35.7154
31.2216
27.2031
24.8226
23.2762
25.4455
25.0864
24.7605
24.5789
28.6468
50.7227
46.2871
38.6799
36.6245
29.8431
41.4897
46.6186
33.1344
36.9931
26.9162
42.5480
39.7208
36.5232
29.1019
44.6866
41.8175
38.3360
34.8793
31.5180
28.4665
49.3856
44.5644
39.0600
32.4764
25.7433
39.8539
36.0672
32.0278
28.2980
24.4154
43.6569
39.7380
34.2560
29.7819
25.7226
39.4445
34.8015
32.3068
29.4723
24.1341
41.1161
37.1423
32.3469
26.4591
21.3070
41.0959
37.8264
34.5065
31.3657
28.6374
42.4966
39.3065
36.1502
33.2273
30.7452
35.0080
32.0946
29.3612
26.6547
24.2599
49.4125
46.1857
42.4136
38.3627
34.3494
47.4629
44.2572
38.7617
33.2467
27.7948
39.9926
36.3993
33.1686
30.0707
26.8039
37.4009
33.7808
29.9718
28.1613
24.4847
42.0438
36.3210
31.0870
26.6839
23.0503
40.7646
38.0839
34.2866
30.4877
26.0115
43.6969
41.0931
35.8162
29.6452
26.4282
39.5181
34.3041
28.6370
24.4699
21.1233
37.1896
33.5548
30.7760
23.4220
22.5615
34.7736
34.6818
29.1276
25.1706
31.0685
35.0782
34.8131
29.7400
27.8875
25.3789
24.5077
24.2493
24.1958
23.8392
27.1021
50.7633
42.4639
40.3976
32.3047
34.2791
40.0843
39.6814
32.0056
33.4891
25.9167
44.5752
41.4675
38.4033
35.1599
40.0163
40.5553
37.2721
34.0495
30.9055
28.0113
45.1959
39.0276
32.9739
27.1757
22.4689
38.4132
34.7019
31.3676
28.1160
24.0579
42.3295
39.1119
35.0933
27.8865
24.7867
38.4606
33.7595
29.8557
26.3613
23.0528
38.8501
34.2006
28.8515
23.9530
20.7242
42.4574
39.0191
35.7345
32.8799
30.4430
43.0530
39.8269
36.9268
34.7891
33.3069
36.5025
33.6481
30.8020
28.0836
25.2548
49.9588
47.1962
43.6112
40.0773
36.1026
49.2934
45.8803
40.1139
34.2512
29.2675
41.2591
37.7105
34.6601
31.8858
29.2557
41.5105
37.8059
34.3501
30.7037
26.3348
43.6278
35.7089
29.0628
23.9373
20.5163
39.7365
36.3115
31.3544
26.2633
21.4530
42.1780
40.2675
35.8786
28.1897
23.6726
45.6230
42.8855
38.3880
32.3901
24.9118
40.0611
34.2462
25.2805
29.0552
25.2338
44.8826
40.3871
31.2840
28.7051
23.0980
35.5373
28.8683
24.3362
23.0326
21.1067
26.2787
25.7177
25.6009
24.9201
26.1741
50.8559
44.1989
40.3277
34.0223
33.7647
41.1384
38.7634
32.7631
32.4366
26.4143
47.8804
44.7768
41.7741
37.3744
42.2169
41.9851
38.4458
35.3120
32.2519
29.4841
52.3321
48.8019
44.4878
39.4498
33.2830
41.5906
37.7227
33.8319
29.6701
25.5141
43.5945
39.4160
34.3311
30.2962
24.8005
41.6279
37.2959
35.4108
34.4047
32.4549
41.7514
38.9155
34.9397
30.4544
24.7261
42.5402
38.9589
35.3859
32.0199
28.7402
43.3798
40.1583
36.8187
33.6072
30.4493
35.3605
32.1515
28.9677
26.0403
23.3564
52.5521
49.2104
45.2259
41.0303
36.6650
49.7750
46.3567
40.4754
34.5165
28.2985
41.1272
37.0126
34.2023
30.8920
27.2474
40.7493
36.3733
31.6804
27.4887
23.8453
47.1035
39.0926
31.8731
25.9397
21.7828
40.5998
37.1513
32.3646
27.5069
22.8286
38.9808
36.1743
32.1485
26.6580
23.0265
43.8200
38.5470
32.9943
26.8342
21.8988
40.5137
32.9731
28.1994
27.5519
21.7847
34.1699
37.9901
28.8046
26.4073
22.6221
34.6661
30.7202
26.0765
23.8579
21.9579
25.2691
24.9612
24.7987
24.7166
26.1737
50.7658
46.2252
40.0915
36.3485
32.7684
40.4494
45.5791
32.1183
36.5131
25.8747
43.9008
40.9000
37.8416
34.8204
31.7492
41.8789
38.4571
34.9073
31.5319
28.1496
51.3003
46.2491
40.1796
33.0092
25.9001
40.6180
36.2857
32.1904
28.2160
24.1754
45.1330
40.5635
37.1005
30.2156
26.5038
39.5806
33.7264
30.0108
28.0600
23.4860
42.8224
37.8386
32.4801
26.8353
21.4872
41.2195
37.8918
34.6348
31.4358
28.4775
42.5749
39.4615
36.3050
33.2535
30.5376
34.9392
32.0477
29.1647
26.4964
23.9555
47.8117
44.3571
40.5098
36.5495
32.6967
47.3117
44.0106
38.1953
32.4481
26.5077
38.9348
35.4877
32.1077
28.9474
26.0217
37.3491
33.3111
31.2368
27.3807
23.0355
44.9395
39.0144
33.3480
28.3875
24.2916
41.8671
39.0814
34.9622
30.5247
25.3159
42.2165
39.6575
35.3590
29.6881
25.7486
39.8593
33.7879
28.6163
24.1803
20.8281
36.0208
30.9181
30.6540
23.2128
20.3122
39.5236
32.2774
28.3916
23.8674
21.3184
34.4846
35.4822
30.4909
29.0589
26.8898
24.9176
24.4229
23.8604
23.7981
24.7686
50.4189
41.8869
37.0984
32.1046
28.9616
37.9517
35.7102
29.7617
29.7886
23.7301
42.8731
39.8585
36.8070
33.7403
32.4241
40.4325
37.2609
33.9823
30.6096
27.3582
45.5360
39.5928
33.4142
27.0353
22.1599
38.4245
34.6278
31.0054
27.6909
24.6638
43.1905
39.4113
35.2663
30.9086
26.2904
38.4958
33.5227
29.3326
26.4739
24.2573
39.5331
34.0159
28.6143
24.0619
20.6256
40.9840
37.7459
34.4417
31.6469
28.9268
42.3350
39.2892
36.0498
33.5800
31.4598
35.1624
32.4069
29.6522
27.2199
24.6818
49.8343
46.7967
43.1895
39.4480
35.6854
47.6638
44.4659
38.9986
33.4831
28.4353
41.4201
37.4703
34.6047
31.3714
28.3799
37.3193
34.1479
30.6068
26.9394
25.0240
46.1151
39.6740
34.0072
29.6890
26.5590
41.3153
38.3183
34.4212
30.4499
26.5779
45.3560
42.7525
36.9354
30.0602
26.1911
40.1389
34.7853
28.6142
24.4157
21.9729
37.7500
35.6415
31.3109
24.7255
23.1501
35.0981
31.6115
30.5960
24.9381
26.9662
35.3972
36.4685
32.4228
30.1404
28.4194
28.9244
27.1579
26.1469
25.4721
27.7560
50.7352
45.0605
40.3805
34.8988
34.1953
42.2532
41.9651
34.2356
34.8364
28.1535
42.8702
39.7395
33.5184
44.5585
41.1350
40.5801
37.3390
34.1910
31.3916
28.6015
45.8235
40.2861
33.7869
27.3986
22.5058
38.7805
35.1827
31.7022
28.7966
23.8849
42.2278
39.4422
35.7365
30.5237
25.0346
40.3774
32.9559
26.6943
24.4485
21.5406
39.5562
33.9255
28.6530
24.4388
21.0677
41.3740
38.1494
35.1713
32.7656
30.3049
42.5099
39.4976
36.8307
35.2202
33.6952
35.8487
33.2340
30.5030
27.9768
25.2497
49.9379
46.9649
43.1534
39.1708
35.2324
48.0396
44.8607
39.2985
33.5031
28.6645
40.0707
36.2483
33.4857
31.1954
28.4370
38.8594
34.2779
30.7480
28.3599
25.4729
47.7666
40.8024
34.0505
28.3969
24.2870
41.4741
38.5928
34.4842
29.5865
24.6325
44.3542
42.0383
36.9029
29.9971
25.6973
40.9060
35.7314
29.0883
24.2260
20.8356
38.4885
34.1842
29.0674
23.4262
20.5369
38.7149
36.8020
28.1941
23.3042
23.0031
35.0666
32.7665
28.6352
27.8297
24.7057
26.6201
25.5980
25.1383
24.6619
28.2521
50.7901
46.2969
37.7211
36.7490
28.3818
40.3802
47.0564
32.2280
36.6256
26.0831
43.2314
37.4143
47.5447
45.7941
45.5841
41.1912
37.8541
35.0217
32.3987
30.0693
45.6470
40.2230
34.4890
28.2345
22.8404
38.7107
34.9128
31.2429
27.9435
24.5475
41.6862
38.3764
32.0527
29.1560
24.2678
40.0978
36.7769
30.8861
26.6172
22.3512
39.3405
35.2709
29.4395
24.2307
20.5805
42.2923
38.7773
35.2670
32.0276
28.6679
43.2171
39.9577
36.6697
33.5448
30.4319
35.4201
32.3532
29.3696
26.7366
24.3114
50.2438
46.7001
42.8988
38.8813
34.7988
49.5316
46.0404
40.1247
34.1603
28.0856
40.4718
36.5118
33.3470
30.1462
26.8038
40.5620
35.6912
31.0709
28.5515
24.7799
48.5212
39.9287
32.4485
26.2258
21.9949
40.5376
37.0391
32.0219
27.0523
22.8593
40.5008
38.3295
34.1394
27.8889
24.0159
42.9263
38.7792
33.1438
26.6517
21.4532
36.6594
29.4308
29.9734
28.0512
19.4894
34.4094
32.9217
32.9936
26.0168
23.1022
35.1972
31.3351
26.4920
24.7558
22.4789
24.1024
23.9693
24.3511
24.1155
25.1692
50.8208
45.2924
39.7433
35.4244
30.9071
42.6151
40.5696
34.0079
34.0765
27.6876
44.3856
41.2592
38.2306
35.1361
31.7269
42.0219
38.4441
34.9101
31.4710
28.1088
49.7024
44.7201
39.0710
32.5282
25.8165
39.9020
35.7710
31.7811
27.7490
23.7447
43.7712
39.2230
33.7245
28.7203
25.2969
39.0427
34.2189
31.8083
29.5140
25.9905
40.9342
37.0517
32.3543
26.8555
21.2078
41.8195
38.4982
35.1120
31.8892
28.8731
42.7647
39.5885
36.4148
33.3159
30.7271
35.5158
32.5880
29.7740
27.1892
24.6228
50.6050
46.2523
42.5464
39.4875
34.3646
48.7103
45.3787
39.7558
34.0710
28.0732
41.2218
37.8127
34.4108
31.2543
27.9400
39.3439
35.1194
31.4314
27.9476
25.4233
42.1662
34.9693
28.4027
22.9704
19.2468
41.5525
38.5166
34.3830
29.7481
24.5243
42.5129
40.3385
35.9758
29.3344
24.9048
41.6184
37.5193
33.2553
27.4648
21.8943
38.6554
33.5114
31.1254
22.2486
24.8641
40.1327
35.1968
31.1803
27.0236
21.6260
35.5807
31.8858
27.8032
25.6519
23.6443
24.2660
24.2708
24.5278
24.2811
25.2718
50.7782
45.6381
40.2080
35.0596
33.3654
40.2168
43.1150
31.7429
34.6822
25.4694
45.5015
42.4212
39.4056
36.1494
39.6885
41.5900
38.2155
34.9495
31.5608
28.5810
48.1989
42.7938
36.9717
30.7053
24.9401
39.9538
36.1449
32.1814
28.5557
24.5090
42.7033
38.3612
34.7003
31.1129
24.5080
37.9694
33.6885
31.5607
30.0865
27.3910
40.4366
36.1639
31.3574
26.4942
22.1133
41.7497
38.5676
35.4422
32.2707
29.3923
42.8482
39.8112
36.7061
33.7246
31.0870
36.1781
33.2264
30.4243
27.8162
25.2424
48.7846
45.2907
41.4542
37.4274
33.3428
45.9447
42.8964
37.6797
32.1947
26.0574
37.6067
34.2262
30.9128
27.4840
24.3374
36.6979
33.0890
31.9105
28.8774
23.8550
41.5282
35.7032
30.1445
25.3910
21.5661
42.3506
39.4742
34.9606
29.5644
23.6420
43.4294
41.2040
37.0127
30.7693
26.6131
40.5566
36.5330
30.0844
24.9788
20.9464
37.1255
34.2829
31.1813
24.4675
20.6817
36.7990
32.9168
34.9973
24.9037
20.3522
34.9361
31.7782
27.3756
25.8214
23.6611
22.5374
22.6034
22.9672
23.1491
23.2203
50.6494
37.3719
39.7804
27.9768
31.6058
35.7962
35.4958
27.6178
29.0895
21.5399
44.2234
41.1547
38.1276
34.8792
41.9150
40.1214
37.0569
33.9501
30.8183
27.9155
45.2902
40.4188
35.3040
29.2040
23.3291
38.9578
35.1939
31.7519
28.3270
25.2294
41.0340
38.4279
34.6175
32.4966
27.6688
38.2359
33.8591
30.7134
28.0999
23.5709
40.7799
36.1057
30.3909
24.9693
20.9219
41.5327
38.2432
34.9173
31.6591
28.4797
42.6772
39.5223
36.2936
33.1469
30.0397
35.1593
32.0953
29.2710
26.5468
23.9693
50.5411
47.2241
43.6834
39.8736
36.0853
47.9344
44.7090
39.2386
33.7055
27.9177
41.4111
38.0538
34.9218
31.3069
28.0321
38.7772
34.6258
31.8772
28.6368
25.5829
44.8898
37.5375
30.9594
25.6604
21.8388
41.3610
38.1592
33.4730
28.1268
23.2123
42.4492
40.2589
36.0507
29.0742
24.1723
42.9037
39.1263
33.8438
26.9376
21.6022
31.2655
33.4034
31.1188
27.9745
19.1908
39.3282
32.0798
29.4370
24.1586
24.0995
35.6241
31.4062
26.8125
24.4186
22.3365
24.7423
24.3579
24.2738
23.9610
25.2049
50.8220
43.3467
40.3880
33.3704
33.7568
41.4772
38.6100
33.1685
32.6638
26.8999
41.7374
38.7201
35.6751
30.6942
42.9036
40.8647
37.6249
34.4453
31.2147
28.0536
48.4340
44.2383
39.4554
33.3805
26.4303
40.2109
36.6381
32.7332
28.8583
24.7361
42.0479
38.5166
35.2987
31.5766
28.7813
39.4957
34.6199
31.4528
29.2980
23.9788
41.7036
37.9930
32.6642
26.6913
21.4821
41.7715
38.3086
34.8866
31.5730
28.3228
42.9392
39.7099
36.3859
33.2032
30.0493
35.1100
32.0684
29.1207
26.4934
24.0008
50.7814
47.4532
43.4767
39.4339
35.4026
48.7770
45.3279
39.5228
33.7514
27.9007
41.0633
37.4557
34.1640
30.8799
27.5454
39.0969
34.7217
31.7297
28.5145
25.0945
44.7533
38.0675
31.9016
26.8261
23.1901
40.7117
37.2868
32.8461
28.7501
24.6040
40.6365
38.5439
34.3058
28.3176
24.7977
41.8622
36.9938
31.3017
25.6203
21.2644
36.4057
33.8598
31.5547
28.0047
20.8521
40.2234
33.5951
30.1766
25.9755
23.6078
35.0339
33.3449
29.1636
26.3745
24.5473
25.9706
25.5219
25.0746
25.1545
26.0582
50.8223
43.9332
40.3889
33.8665
34.1245
40.9943
39.0565
32.7596
32.3840
26.5933
44.5232
41.5310
38.4852
35.4695
29.0991
41.1662
37.7329
34.4690
31.1288
27.9276
48.9798
44.0405
37.6164
30.6366
24.3182
39.3618
35.4504
31.6592
28.0848
24.3569
42.6580
39.0567
35.3463
31.0809
25.5284
39.0759
34.0748
30.5296
27.6889
22.8033
40.4605
36.0370
30.8787
25.5576
21.0802
41.0827
37.7963
34.5243
31.4022
28.2005
42.5751
39.4091
36.1802
33.1033
30.0164
34.6412
31.5533
28.5081
25.6146
22.9779
49.9062
46.1652
42.0315
37.7358
33.7630
47.7120
44.4329
38.9133
33.3850
27.6452
40.3070
36.9752
33.7696
30.4645
27.1740
36.9730
32.7573
29.5086
25.9893
23.1250
46.0918
39.7662
33.5875
28.1987
24.2696
42.6671
39.7952
35.6200
31.2411
25.7187
42.8843
40.0584
35.4659
29.5511
25.1005
38.6101
33.2069
28.6412
24.7991
21.3762
35.2952
32.0448
27.9546
23.8462
20.7279
39.1535
32.4793
29.6648
23.4827
23.2570
35.7313
34.5260
31.5708
28.5389
26.3675
23.9562
23.7609
23.6034
23.6538
24.3673
50.1262
43.9550
39.6257
33.6898
33.4213
39.6654
38.4026
31.5745
31.8144
25.4665
43.2999
40.2686
37.2793
34.2597
31.2433
40.6596
37.3274
34.0491
30.7993
27.6044
42.5810
36.7060
31.1700
26.4980
22.3735
38.0121
34.8058
31.5229
28.3242
24.3010
43.0682
39.3222
35.5560
32.2509
27.9602
37.3205
31.9042
28.1927
25.2768
22.7523
38.6381
33.8605
28.6604
24.1536
21.1851
41.8082
38.4317
35.0041
32.2175
29.7799
42.7812
39.6000
36.3593
34.2068
32.7717
35.7780
32.9787
30.2837
27.7566
25.1924
48.4710
45.1172
41.4218
37.6400
34.0120
48.6778
45.3750
39.7261
34.0314
29.2470
41.6067
37.8479
34.7831
31.4415
28.6100
38.6235
34.6984
31.2483
28.5707
24.2599
46.3823
38.7766
32.1364
26.7724
22.9742
41.4735
38.1923
33.3664
28.5884
24.1377
41.5429
39.5041
35.2196
28.8966
25.0479
42.0661
37.4329
32.1680
26.0418
21.3839
34.0012
33.9128
31.9258
28.2418
20.4768
33.6310
29.8132
27.5009
24.6428
22.8602
35.0764
32.2377
27.9687
25.8550
23.9203
28.9876
27.2482
26.3666
25.6890
28.7336
50.8100
44.8929
40.4174
34.9959
34.3729
43.2572
41.0205
34.9394
34.5571
28.6496
44.7906
41.7507
36.0844
45.0807
42.8873
41.4101
38.0717
34.6900
31.8494
29.3149
48.0539
42.9449
37.4811
31.0078
24.9505
39.4975
35.6476
31.7618
28.3030
24.8438
43.1531
39.2643
33.5505
28.5489
25.1899
39.6796
35.7501
33.5669
31.4411
23.8078
40.2320
36.2719
31.8622
25.9190
21.0444
42.1709
39.0786
35.7853
32.5774
29.3119
43.2702
40.2533
37.0434
33.9359
30.7285
35.9724
32.9128
29.7133
26.7938
23.8994
46.6969
43.1141
39.5092
35.6370
31.5773
47.2859
44.4099
39.1882
33.3392
27.1384
40.3073
37.0076
33.6227
30.1449
26.6287
35.4530
32.3396
29.3609
26.6154
23.3267
33.7347
26.6554
21.5736
17.9461
15.6997
45.0147
41.4407
36.2728
29.6133
22.8037
34.1245
33.1572
30.5810
26.9474
22.9410
44.8962
42.0064
37.4401
34.0186
29.6701
33.1545
32.2026
29.9293
26.9147
24.9663
37.1237
38.4619
30.1013
33.3191
26.9830
34.8570
26.5881
25.7217
24.6061
22.9267
21.6838
22.0784
21.9620
22.4649
23.9063
43.9852
41.7202
33.4438
31.6669
26.8800
38.8156
34.0248
30.0948
28.1854
23.6890
42.8290
39.7187
36.5582
33.4434
30.4311
41.3748
38.2077
34.9619
31.6938
28.4134
48.1818
44.5682
41.1187
37.9712
33.9071
41.0853
37.6624
38.5876
30.4378
26.8685
43.4464
40.6857
36.0727
32.4415
27.8041
42.3190
36.7945
33.4060
31.1795
29.2472
42.9515
41.1247
37.3794
31.6804
25.6111
