0.9627
0.9318
0.8779
0.8000
0.6927
0.9896
0.9804
0.9623
0.9317
0.8786
0.9704
0.9437
0.9004
0.8307
0.7344
0.9820
0.9649
0.9326
0.8824
0.7895
0.9613
0.9291
0.8267
0.6495
0.4193
0.9757
0.9486
0.9057
0.8348
0.7225
0.9687
0.9295
0.9063
0.8553
0.7806
0.9691
0.8992
0.7418
0.5433
0.3859
0.9549
0.9093
0.7997
0.6459
0.4397
0.9534
0.9130
0.8273
0.6761
0.5432
0.9472
0.8951
0.8147
0.6387
0.3939
0.9327
0.9185
0.8119
0.6731
0.4822
0.9590
0.8972
0.8187
0.7066
0.7106
0.9701
0.9598
0.9278
0.8877
0.8493
0.9519
0.9584
0.9670
0.9756
0.9875
0.9980
0.9955
0.9800
0.9730
0.9106
0.9948
0.9837
0.9665
0.9356
0.8465
1.0000
1.0000
1.0000
1.0000
1.0000
0.9685
0.9409
0.8937
0.8179
0.7127
0.9456
0.8979
0.8149
0.6537
0.3874
0.9492
0.9056
0.8330
0.7180
0.5594
0.9521
0.9046
0.8424
0.7920
0.5580
0.9936
0.9790
0.9569
0.9189
0.4486
0.9450
0.8883
0.7823
0.6123
0.4127
0.9172
0.8510
0.7485
0.6146
0.4646
0.9763
0.9557
0.9171
0.8526
0.7501
0.9335
0.8794
0.7916
0.6660
0.5235
0.9633
0.9309
0.8737
0.7777
0.6348
0.9143
0.8472
0.6583
0.4160
0.2168
0.9438
0.9032
0.8157
0.6748
0.4969
0.9388
0.9178
0.8821
0.8679
0.8142
0.9813
0.9437
0.8641
0.7676
0.6869
0.9202
0.8850
0.8270
0.7555
0.6821
0.9423
0.9099
0.8437
0.7490
0.6876
0.8877
0.8153
0.7071
0.6517
0.6332
0.9858
0.8242
0.7976
0.5014
0.4567
0.8562
0.7945
0.7404
0.4674
0.6402
0.9313
0.9711
0.9428
0.9216
0.8891
0.9585
0.9616
0.9690
0.9782
0.9870
0.9965
0.9925
0.9691
0.9593
0.8673
0.9956
0.9890
0.9797
0.9628
0.9143
1.0000
1.0000
1.0000
1.0000
1.0000
0.9353
0.8821
0.7977
0.6768
0.5304
0.8685
0.7627
0.5918
0.3814
0.1925
0.8872
0.8084
0.6881
0.5499
0.4930
0.9250
0.8596
0.7623
0.6910
0.6046
0.9822
0.9413
0.7304
0.6514
0.6382
0.8847
0.8055
0.7112
0.6473
0.6292
0.8966
0.8188
0.7018
0.5585
0.4130
0.9699
0.9436
0.8957
0.8171
0.7017
0.9162
0.8530
0.7488
0.6175
0.4733
0.9653
0.9350
0.8906
0.8183
0.7145
0.8927
0.8128
0.6050
0.3673
0.1885
0.9388
0.8815
0.7866
0.6406
0.4672
0.9492
0.9146
0.8798
0.8760
0.8304
0.9891
0.9682
0.9244
0.8649
0.8016
0.9669
0.9506
0.9153
0.8600
0.7973
0.9683
0.9501
0.9074
0.8368
0.7727
0.9240
0.8676
0.8086
0.7547
0.7339
0.8877
0.8462
0.8229
0.7380
0.6321
0.8883
0.7948
0.7120
0.5374
0.4288
0.9521
0.9710
0.9518
0.9355
0.9220
0.9576
0.9659
0.9742
0.9820
0.9878
0.9968
0.9929
0.9744
0.9622
0.8865
0.9960
0.9888
0.9831
0.9616
0.9324
1.0000
1.0000
1.0000
1.0000
1.0000
0.9008
0.8276
0.7209
0.5878
0.4436
0.8971
0.8268
0.7171
0.5903
0.4728
0.9010
0.8229
0.7017
0.5556
0.4828
0.9037
0.8416
0.7544
0.6077
0.5536
0.9896
0.9674
0.8415
0.7803
0.7508
0.9108
0.8627
0.8032
0.7456
0.7287
0.9078
0.8360
0.7235
0.5812
0.4269
0.9737
0.9509
0.9076
0.8370
0.7234
0.9256
0.8666
0.7692
0.6411
0.4868
0.9590
0.9234
0.8665
0.7637
0.6116
0.9054
0.8318
0.6286
0.3779
0.1813
0.9467
0.8983
0.8151
0.6775
0.4925
0.9300
0.8951
0.8710
0.8069
0.6977
0.9866
0.9623
0.9129
0.8468
0.7778
0.9277
0.9006
0.8621
0.8120
0.7590
0.9495
0.9241
0.8696
0.7793
0.7117
0.8709
0.8071
0.7588
0.7162
0.6945
0.9326
0.8224
0.7147
0.6395
0.5554
0.8591
0.7735
0.6243
0.6536
0.4136
0.9150
0.9767
0.9536
0.9402
0.9111
0.9635
0.9695
0.9745
0.9812
0.9876
0.9968
0.9930
0.9719
0.9639
0.8772
0.9954
0.9882
0.9796
0.9569
0.9191
1.0000
1.0000
1.0000
1.0000
1.0000
0.9154
0.8526
0.7571
0.6334
0.4897
0.8406
0.7171
0.5579
0.4156
0.3013
0.8779
0.7972
0.6768
0.5415
0.5271
0.8998
0.8126
0.7077
0.5465
0.5164
0.9747
0.8824
0.7884
0.7509
0.7037
0.8622
0.8026
0.7464
0.7141
0.6941
0.9668
0.9384
0.8921
0.8236
0.7300
0.9907
0.9825
0.9667
0.9392
0.8920
0.9732
0.9501
0.9115
0.8502
0.7629
0.9862
0.9741
0.9497
0.9069
0.8343
0.9656
0.9371
0.8471
0.6938
0.4898
0.9738
0.9443
0.8935
0.8145
0.7020
0.9738
0.9533
0.9175
0.8541
0.7909
0.9806
0.9375
0.8264
0.6400
0.4320
0.9745
0.9554
0.8944
0.7346
0.5007
0.9693
0.9420
0.8750
0.7449
0.6080
0.9718
0.9400
0.8892
0.7992
0.6132
0.9761
0.9664
0.9153
0.8808
0.5972
0.9492
0.9794
0.8460
0.7676
0.5868
0.9798
0.9686
0.9296
0.8972
0.8506
0.9475
0.9575
0.9673
0.9783
0.9883
0.9963
0.9919
0.9580
0.9498
0.8366
0.9937
0.9801
0.9613
0.9292
0.8286
1.0000
1.0000
1.0000
1.0000
1.0000
0.9733
0.9522
0.9164
0.8614
0.7840
0.9592
0.9279
0.8740
0.7752
0.6070
0.9572
0.9211
0.8624
0.7725
0.6254
0.9674
0.9370
0.8913
0.8005
0.6964
0.9968
0.9908
0.9825
0.9709
0.9467
0.9669
0.9350
0.8721
0.7644
0.6001
0.9576
0.9225
0.8644
0.7813
0.6703
0.9873
0.9761
0.9552
0.9189
0.8598
0.9656
0.9369
0.8875
0.8166
0.7163
0.9839
0.9698
0.9421
0.8899
0.8176
0.9557
0.9198
0.8095
0.6265
0.3998
0.9648
0.9258
0.8635
0.7708
0.6448
0.9712
0.9502
0.9208
0.8735
0.8208
0.9730
0.9108
0.7692
0.5912
0.4492
0.9617
0.9315
0.8479
0.6923
0.4934
0.9618
0.9294
0.8546
0.7157
0.5811
0.9514
0.9033
0.8212
0.6589
0.4342
0.9451
0.9016
0.8525
0.7642
0.5680
0.9224
0.9165
0.8164
0.6509
0.5405
0.9741
0.9642
0.9237
0.8905
0.8525
0.9508
0.9589
0.9682
0.9775
0.9873
0.9982
0.9955
0.9840
0.9743
0.9283
0.9944
0.9818
0.9672
0.9330
0.8547
1.0000
1.0000
1.0000
1.0000
1.0000
0.9419
0.9027
0.8469
0.7706
0.6713
0.9428
0.8998
0.8209
0.6849
0.4357
0.9495
0.9097
0.8448
0.7442
0.5874
0.9426
0.8948
0.8012
0.7447
0.6331
0.9950
0.9842
0.9667
0.9422
0.4788
0.9501
0.9029
0.8120
0.6532
0.4308
0.9331
0.8806
0.7978
0.6907
0.5634
0.9809
0.9642
0.9326
0.8803
0.7980
0.9465
0.9030
0.8325
0.7333
0.6103
0.9757
0.9534
0.9151
0.8469
0.7502
0.9308
0.8771
0.7257
0.5179
0.3096
0.9591
0.9218
0.8601
0.7573
0.6156
0.9614
0.9413
0.8855
0.8340
0.7959
0.9912
0.9737
0.9281
0.8269
0.6222
0.9757
0.9625
0.9299
0.8590
0.7334
0.9756
0.9600
0.9219
0.8322
0.7427
0.9491
0.9069
0.8359
0.7274
0.5922
0.9873
0.9073
0.8151
0.7208
0.5717
0.9356
0.8392
0.7449
0.6546
0.4715
0.9727
0.9750
0.9459
0.9246
0.9071
0.9543
0.9601
0.9683
0.9770
0.9882
0.9975
0.9945
0.9775
0.9698
0.9006
0.9951
0.9869
0.9738
0.9516
0.8848
1.0000
1.0000
1.0000
1.0000
1.0000
0.9237
0.8693
0.7889
0.6885
0.5750
0.9313
0.8857
0.8085
0.6936
0.5180
0.9303
0.8801
0.7899
0.6722
0.5082
0.9313
0.8721
0.7674
0.6793
0.6116
0.9935
0.9792
0.9014
0.8755
0.7200
0.9416
0.8999
0.8322
0.7335
0.6019
0.9656
0.9371
0.8891
0.8193
0.7261
0.9903
0.9817
0.9654
0.9362
0.8880
0.9726
0.9499
0.9093
0.8480
0.7637
0.9895
0.9807
0.9626
0.9293
0.8716
0.9646
0.9353
0.8433
0.6901
0.4936
0.9728
0.9467
0.8900
0.8047
0.6873
0.9698
0.9476
0.9197
0.8787
0.8001
0.9739
0.9137
0.7718
0.5823
0.4150
0.9579
0.9348
0.8842
0.7829
0.5653
0.9601
0.9316
0.8661
0.7426
0.6227
0.9540
0.9162
0.8449
0.7708
0.6024
0.9890
0.9787
0.9450
0.9074
0.8904
0.9546
0.9083
0.9094
0.7344
0.6782
0.9827
0.9679
0.9334
0.8995
0.8618
0.9461
0.9568
0.9676
0.9786
0.9898
0.9979
0.9944
0.9779
0.9601
0.9025
0.9937
0.9789
0.9618
0.9167
0.8318
1.0000
1.0000
1.0000
1.0000
0.9997
0.9614
0.9345
0.8955
0.8398
0.7642
0.9426
0.9002
0.8312
0.7188
0.5572
0.9503
0.9125
0.8575
0.7745
0.6514
0.9611
0.9173
0.8594
0.7927
0.7422
0.9974
0.9924
0.9846
0.9760
0.9602
0.9563
0.9198
0.8606
0.7672
0.6164
0.9159
0.8505
0.7507
0.6276
0.4913
0.9757
0.9547
0.9149
0.8489
0.7502
0.9320
0.8781
0.7934
0.6782
0.5453
0.9790
0.9617
0.9299
0.8764
0.7968
0.9126
0.8464
0.6674
0.4471
0.2598
0.9505
0.9015
0.8245
0.6981
0.5452
0.9467
0.9221
0.9022
0.8421
0.7955
0.9859
0.9587
0.8984
0.8052
0.6930
0.9553
0.9393
0.9041
0.8379
0.7402
0.9585
0.9392
0.8965
0.8135
0.7390
0.9267
0.8927
0.8218
0.7219
0.6546
0.9726
0.9428
0.8588
0.6893
0.6003
0.8863
0.7908
0.7116
0.6417
0.4343
0.9608
0.9729
0.9410
0.9177
0.9003
0.9515
0.9601
0.9687
0.9782
0.9875
0.9977
0.9951
0.9835
0.9768
0.9297
0.9951
0.9857
0.9761
0.9432
0.9024
1.0000
1.0000
1.0000
1.0000
1.0000
0.9102
0.8460
0.7567
0.6457
0.5250
0.8819
0.8204
0.7322
0.6113
0.4539
0.9098
0.8478
0.7497
0.6203
0.4857
0.9112
0.8498
0.7450
0.6596
0.5728
0.9941
0.9821
0.9642
0.8728
0.7392
0.9210
0.8742
0.8063
0.7263
0.6390
0.9216
0.8591
0.7621
0.6361
0.4967
0.9773
0.9575
0.9204
0.8572
0.7626
0.9366
0.8858
0.8021
0.6874
0.5517
0.9733
0.9548
0.9179
0.8537
0.7553
0.9185
0.8553
0.6788
0.4480
0.2447
0.9565
0.9185
0.8445
0.7303
0.5664
0.9441
0.9195
0.8708
0.8059
0.7628
0.9858
0.9579
0.8932
0.7919
0.6792
0.9522
0.9316
0.8824
0.7930
0.6860
0.9584
0.9363
0.8853
0.7844
0.6924
0.9178
0.8707
0.7765
0.6756
0.6192
0.9746
0.9204
0.8344
0.7645
0.5533
0.9388
0.8037
0.6793
0.6312
0.5528
0.9586
0.9691
0.9402
0.9135
0.8889
0.9536
0.9621
0.9704
0.9785
0.9870
0.9976
0.9946
0.9814
0.9727
0.9284
0.9946
0.9819
0.9742
0.9394
0.8970
1.0000
1.0000
1.0000
1.0000
0.9998
0.9122
0.8479
0.7535
0.6375
0.5110
0.8802
0.8100
0.6974
0.5420
0.3250
0.9065
0.8414
0.7435
0.5986
0.4276
0.9175
0.8531
0.7296
0.5917
0.4588
0.9916
0.9733
0.8608
0.7088
0.6318
0.9195
0.8613
0.7702
0.6602
0.6049
0.9427
0.8971
0.8247
0.7264
0.6059
0.9837
0.9696
0.9432
0.8983
0.8268
0.9541
0.9163
0.8552
0.7665
0.6538
0.9787
0.9629
0.9300
0.8733
0.7834
0.9406
0.8941
0.7596
0.5599
0.3445
0.9591
0.9175
0.8465
0.7432
0.6014
0.9623
0.9188
0.8947
0.8398
0.7677
0.9782
0.9307
0.8231
0.6780
0.5453
0.9497
0.9173
0.8446
0.7201
0.5593
0.9562
0.9237
0.8529
0.7268
0.6088
0.9389
0.8864
0.8179
0.6517
0.5051
0.9718
0.9869
0.8155
0.7438
0.4916
0.9338
0.8607
0.8192
0.6585
0.5031
0.9739
0.9625
0.9294
0.8949
0.8688
0.9494
0.9587
0.9684
0.9787
0.9900
0.9950
0.9905
0.9518
0.9460
0.8518
0.9934
0.9764
0.9632
0.9225
0.8510
1.0000
1.0000
1.0000
1.0000
1.0000
0.9581
0.9245
0.8702
0.7905
0.6894
0.9245
0.8695
0.7799
0.6231
0.3686
0.9299
0.8782
0.7970
0.6880
0.5211
0.9490
0.9065
0.8252
0.7361
0.6133
0.9942
0.9827
0.9656
0.9319
0.6412
0.9356
0.8792
0.7868
0.6492
0.5014
0.9208
0.8568
0.7569
0.6231
0.4790
0.9770
0.9569
0.9189
0.8546
0.7549
0.9365
0.8833
0.7979
0.6774
0.5377
0.9641
0.9365
0.8857
0.8038
0.6892
0.9177
0.8529
0.6693
0.4289
0.2285
0.9476
0.8970
0.8059
0.6660
0.4856
0.9314
0.9073
0.8430
0.8305
0.7715
0.9827
0.9469
0.8694
0.7729
0.6851
0.9314
0.8997
0.8408
0.7607
0.6935
0.9520
0.9236
0.8571
0.7463
0.6763
0.8874
0.8126
0.7094
0.6569
0.6294
0.9783
0.9824
0.6989
0.6479
0.6412
0.8943
0.8175
0.6438
0.5555
0.8037
0.9260
0.9758
0.9478
0.9227
0.8879
0.9490
0.9585
0.9689
0.9783
0.9892
0.9981
0.9955
0.9884
0.9777
0.9495
0.9950
0.9854
0.9760
0.9417
0.9027
1.0000
1.0000
1.0000
1.0000
1.0000
0.9137
0.8487
0.7526
0.6242
0.4862
0.8731
0.7755
0.6175
0.3850
0.1977
0.8934
0.8179
0.7047
0.5657
0.5053
0.9174
0.8449
0.7552
0.6388
0.5510
0.9919
0.9763
0.8575
0.7497
0.6634
0.8879
0.8127
0.7183
0.6535
0.6246
0.9749
0.9526
0.9117
0.8444
0.7467
0.9931
0.9868
0.9746
0.9523
0.9110
0.9800
0.9620
0.9278
0.8723
0.7854
0.9879
0.9794
0.9594
0.9236
0.8543
0.9741
0.9510
0.8688
0.7061
0.4796
0.9791
0.9577
0.9201
0.8543
0.7519
0.9759
0.9490
0.9028
0.8500
0.7529
0.9602
0.8741
0.6929
0.4794
0.3187
0.9496
0.8898
0.7469
0.5457
0.3368
0.9451
0.8940
0.7902
0.6138
0.4646
0.9621
0.9262
0.8495
0.7484
0.4840
0.9886
0.9555
0.9355
0.8613
0.7442
0.9636
0.9381
0.8348
0.7089
0.6313
0.9804
0.9590
0.9213
0.8924
0.8510
0.9485
0.9574
0.9679
0.9778
0.9882
0.9979
0.9947
0.9767
0.9648
0.8919
0.9941
0.9824
0.9628
0.9329
0.8286
1.0000
1.0000
1.0000
1.0000
1.0000
0.9773
0.9584
0.9244
0.8669
0.7796
0.9553
0.9146
0.8404
0.7196
0.5218
0.9591
0.9193
0.8569
0.7510
0.5886
0.9667
0.9312
0.8739
0.8076
0.6149
0.9958
0.9874
0.9740
0.9581
0.9219
0.9606
0.9220
0.8423
0.7141
0.4953
0.9547
0.9157
0.8498
0.7548
0.6356
0.9873
0.9759
0.9538
0.9149
0.8511
0.9635
0.9313
0.8765
0.7922
0.6821
0.9798
0.9634
0.9306
0.8729
0.7805
0.9524
0.9128
0.7881
0.5884
0.3651
0.9687
0.9337
0.8788
0.7879
0.6474
0.9613
0.9297
0.8814
0.8181
0.7220
0.9785
0.9328
0.8269
0.6694
0.5106
0.9459
0.9063
0.8229
0.6918
0.5383
0.9518
0.9179
0.8440
0.7048
0.5778
0.9469
0.8964
0.8302
0.6855
0.5227
0.9760
0.9840
0.9872
0.7742
0.6586
0.9212
0.8812
0.7875
0.6763
0.5409
0.9722
0.9645
0.9201
0.8925
0.8453
0.9496
0.9589
0.9686
0.9783
0.9897
0.9976
0.9946
0.9753
0.9680
0.8912
0.9943
0.9831
0.9667
0.9337
0.8531
1.0000
1.0000
1.0000
1.0000
1.0000
0.9467
0.9072
0.8465
0.7637
0.6556
0.9300
0.8754
0.7829
0.6269
0.3722
0.9370
0.8870
0.8056
0.6845
0.5256
0.9581
0.9250
0.8625
0.7564
0.6037
0.9945
0.9818
0.9608
0.9386
0.7194
0.9404
0.8889
0.8014
0.6759
0.5002
0.9136
0.8461
0.7432
0.6126
0.4704
0.9741
0.9518
0.9108
0.8430
0.7400
0.9300
0.8752
0.7854
0.6674
0.5250
0.9697
0.9466
0.9052
0.8385
0.7447
0.9105
0.8423
0.6555
0.4221
0.2252
0.9348
0.8649
0.7541
0.6019
0.4253
0.9434
0.9048
0.8852
0.8253
0.7374
0.9857
0.9590
0.9064
0.8389
0.7705
0.9417
0.9196
0.8793
0.8229
0.7451
0.9537
0.9299
0.8814
0.7931
0.7261
0.9121
0.8489
0.7814
0.7236
0.6901
0.9071
0.8825
0.7146
0.7743
0.5524
0.9104
0.7913
0.6671
0.5995
0.4077
0.9459
0.9725
0.9496
0.9326
0.9159
0.9549
0.9584
0.9671
0.9774
0.9879
0.9941
0.9883
0.9456
0.9378
0.7966
0.9937
0.9819
0.9706
0.9371
0.8929
1.0000
1.0000
1.0000
1.0000
1.0000
0.9345
0.8870
0.8172
0.7193
0.6007
0.8735
0.7882
0.6728
0.5178
0.3967
0.9002
0.8317
0.7372
0.6417
0.6023
0.9319
0.8673
0.7784
0.6243
0.5253
0.9888
0.9674
0.8755
0.8351
0.7701
0.9007
0.8428
0.7855
0.7265
0.6768
0.9144
0.8481
0.7456
0.6120
0.4644
0.9754
0.9540
0.9140
0.8470
0.7443
0.9311
0.8765
0.7870
0.6668
0.5211
0.9666
0.9411
0.8929
0.8165
0.7108
0.9119
0.8440
0.6567
0.4155
0.2105
0.9551
0.9152
0.8456
0.7247
0.5532
0.9375
0.9036
0.8460
0.7925
0.7234
0.9820
0.9438
0.8637
0.7725
0.6989
0.9463
0.9142
0.8532
0.7626
0.6850
0.9576
0.9304
0.8687
0.7555
0.6667
0.9009
0.8326
0.7050
0.6507
0.6425
0.9560
0.8919
0.7288
0.5930
0.3623
0.8620
0.7886
0.6844
0.5030
0.3201
0.9355
0.9687
0.9422
0.9181
0.8930
0.9578
0.9649
0.9708
0.9768
0.9880
0.9977
0.9944
0.9833
0.9705
0.9255
0.9957
0.9867
0.9794
0.9519
0.9134
1.0000
1.0000
1.0000
1.0000
0.9998
0.9050
0.8345
0.7369
0.6135
0.4823
0.8926
0.8124
0.6702
0.4506
0.2251
0.9037
0.8300
0.7143
0.5600
0.5612
0.8850
0.8162
0.6671
0.6121
0.4186
0.9879
0.8570
0.6853
0.6556
0.6432
0.8986
0.8173
0.7057
0.6491
0.6422
0.9207
0.8605
0.7675
0.6493
0.5108
0.9771
0.9578
0.9215
0.8618
0.7713
0.9360
0.8870
0.8047
0.6972
0.5628
0.9741
0.9561
0.9188
0.8561
0.7629
0.9181
0.8565
0.6883
0.4619
0.2524
0.9468
0.8874
0.7948
0.6681
0.5094
0.9464
0.8951
0.8339
0.7806
0.7322
0.9881
0.9659
0.9167
0.8337
0.7246
0.9544
0.9342
0.8928
0.8086
0.6799
0.9630
0.9436
0.8953
0.7988
0.6803
0.9322
0.8887
0.7902
0.6912
0.6181
0.9531
0.8947
0.8544
0.7039
0.4916
0.8906
0.8570
0.6906
0.6381
0.4842
0.9581
0.9700
0.9459
0.9252
0.8934
0.9522
0.9588
0.9671
0.9759
0.9887
0.9932
0.9871
0.9423
0.9341
0.8634
0.9921
0.9695
0.9616
0.9181
0.8627
1.0000
1.0000
1.0000
1.0000
1.0000
0.9377
0.8920
0.8256
0.7360
0.6295
0.8988
0.8418
0.7535
0.5934
0.3826
0.9113
0.8546
0.7736
0.6682
0.5330
0.9139
0.8515
0.7644
0.6145
0.5561
0.9932
0.9810
0.8892
0.7785
0.6533
0.9210
0.8749
0.7926
0.6795
0.6104
0.9488
0.9070
0.8372
0.7402
0.6163
0.9857
0.9728
0.9487
0.9066
0.8385
0.9584
0.9246
0.8646
0.7755
0.6618
0.9817
0.9656
0.9350
0.8810
0.7933
0.9472
0.9039
0.7732
0.5723
0.3539
0.9633
0.9149
0.8483
0.7315
0.5732
0.9566
0.9263
0.8578
0.8360
0.7829
0.9809
0.9415
0.8474
0.6915
0.5226
0.9482
0.9153
0.8319
0.6795
0.5207
0.9549
0.9262
0.8602
0.7261
0.5973
0.9443
0.9055
0.8451
0.6676
0.4804
0.9259
0.9339
0.8274
0.7374
0.6021
0.9285
0.8280
0.8126
0.6385
0.5064
0.9709
0.9673
0.9281
0.8963
0.8596
0.9512
0.9597
0.9684
0.9783
0.9892
0.9961
0.9915
0.9556
0.9496
0.8147
0.9945
0.9847
0.9687
0.9430
0.8626
1.0000
1.0000
1.0000
1.0000
1.0000
0.9621
0.9305
0.8752
0.7908
0.6730
0.9205
0.8705
0.7915
0.6585
0.4236
0.9338
0.8834
0.8026
0.6787
0.5043
0.9522
0.8978
0.8157
0.7638
0.5837
0.9950
0.9854
0.9722
0.9487
0.7906
0.9453
0.8981
0.8091
0.6670
0.4828
0.9449
0.9019
0.8326
0.7394
0.6280
0.9845
0.9708
0.9450
0.9009
0.8323
0.9557
0.9204
0.8604
0.7768
0.6726
0.9884
0.9743
0.9517
0.9222
0.8439
0.9437
0.8992
0.7708
0.5882
0.3974
0.9690
0.9356
0.8776
0.7920
0.6575
0.9573
0.9299
0.9028
0.8712
0.8147
0.9791
0.9321
0.8214
0.6598
0.5046
0.9553
0.9290
0.8817
0.8073
0.6874
0.9611
0.9374
0.8823
0.7780
0.6790
0.9321
0.8970
0.8472
0.7271
0.5901
0.9531
0.9133
0.8886
0.9014
0.7242
0.9493
0.8730
0.8216
0.6955
0.5839
0.9726
0.9737
0.9481
0.9209
0.8941
0.9513
0.9614
0.9705
0.9785
0.9890
0.9980
0.9955
0.9831
0.9732
0.9265
0.9946
0.9850
0.9690
0.9443
0.8648
1.0000
1.0000
1.0000
1.0000
1.0000
0.9500
0.9100
0.8474
0.7602
0.6521
0.9207
0.8635
0.7786
0.6407
0.4430
0.9353
0.8876
0.8048
0.6895
0.5407
0.9419
0.9037
0.8325
0.7152
0.5854
0.9960
0.9881
0.9773
0.9610
0.9362
0.9315
0.8841
0.8158
0.7198
0.5908
0.9358
0.8846
0.8037
0.6902
0.5545
0.9783
0.9604
0.9271
0.8722
0.7857
0.9482
0.9063
0.8361
0.7381
0.6137
0.9791
0.9626
0.9339
0.8892
0.8264
0.9336
0.8816
0.7274
0.5024
0.2843
0.9149
0.8398
0.7068
0.5357
0.3702
0.9728
0.9550
0.9179
0.8918
0.8715
0.9899
0.9704
0.9270
0.8595
0.7776
0.9722
0.9599
0.9366
0.8864
0.8049
0.9728
0.9581
0.9263
0.8689
0.8168
0.9497
0.9216
0.8599
0.7902
0.7252
0.9509
0.9969
0.8622
0.8142
0.6732
0.9611
0.8289
0.9024
0.6479
0.5308
0.9812
0.9714
0.9423
0.9273
0.9002
0.9490
0.9573
0.9676
0.9777
0.9885
0.9969
0.9939
0.9774
0.9718
0.9209
0.9916
0.9670
0.9646
0.9072
0.8880
1.0000
1.0000
1.0000
1.0000
1.0000
0.9119
0.8464
0.7563
0.6443
0.5270
0.9275
0.8828
0.8227
0.7307
0.6124
0.9430
0.9086
0.8638
0.8100
0.7536
0.9358
0.8858
0.8226
0.7260
0.5953
0.9956
0.9873
0.9744
0.9112
0.8145
0.9457
0.9137
0.8647
0.7929
0.7239
0.9324
0.8802
0.7990
0.6943
0.5765
0.9805
0.9635
0.9312
0.8794
0.7978
0.9455
0.9016
0.8339
0.7376
0.6228
0.9847
0.9716
0.9469
0.9018
0.8332
0.9300
0.8764
0.7293
0.5345
0.3395
0.9645
0.9255
0.8637
0.7566
0.6234
0.9599
0.9358
0.9055
0.8568
0.8359
0.9806
0.9405
0.8502
0.7223
0.5950
0.9608
0.9411
0.8873
0.7765
0.6245
0.9597
0.9359
0.8856
0.7931
0.6948
0.9494
0.9157
0.8627
0.7395
0.5734
0.9822
0.9667
0.9048
0.7965
0.7161
0.9254
0.9065
0.7785
0.6743
0.4788
0.9745
0.9630
0.9270
0.8991
0.8718
0.9503
0.9582
0.9678
0.9780
0.9889
0.9977
0.9946
0.9811
0.9717
0.9169
0.9948
0.9845
0.9731
0.9433
0.8842
1.0000
1.0000
1.0000
1.0000
1.0000
0.9223
0.8658
0.7864
0.6904
0.5869
0.9199
0.8783
0.8115
0.7024
0.5262
0.9367
0.8914
0.8128
0.6870
0.5081
0.9384
0.8797
0.8084
0.7221
0.6427
0.9945
0.9844
0.9681
0.9440
0.6986
0.9449
0.8986
0.8207
0.6988
0.5625
0.9351
0.8833
0.7991
0.6834
0.5484
0.9815
0.9652
0.9344
0.8822
0.7980
0.9480
0.9047
0.8331
0.7320
0.6029
0.9738
0.9543
0.9142
0.8470
0.7463
0.9333
0.8800
0.7237
0.4997
0.2823
0.9601
0.9225
0.8512
0.7439
0.5869
0.9540
0.9209
0.8766
0.8388
0.7762
0.9776
0.9311
0.8300
0.6976
0.5814
0.9382
0.8941
0.8088
0.7041
0.5992
0.9466
0.9120
0.8383
0.7085
0.6133
0.9254
0.8641
0.7668
0.6069
0.5220
0.9976
0.8887
0.8387
0.6526
0.4476
0.9238
0.8348
0.7161
0.5735
0.5102
0.9637
0.9680
0.9344
0.8981
0.8712
0.9546
0.9618
0.9702
0.9801
0.9885
0.9976
0.9947
0.9801
0.9674
0.9089
0.9949
0.9853
0.9732
0.9428
0.8832
1.0000
1.0000
1.0000
1.0000
1.0000
0.9333
0.8848
0.8127
0.7139
0.5950
0.9068
0.8417
0.7220
0.5259
0.2513
0.9205
0.8580
0.7588
0.6111
0.4319
0.9338
0.8678
0.7863
0.6698
0.6030
0.9925
0.9768
0.9470
0.7950
0.5785
0.9222
0.8494
0.7375
0.6091
0.5199
0.9020
0.8266
0.7128
0.5731
0.4274
0.9717
0.9465
0.9016
0.8262
0.7127
0.9211
0.8597
0.7608
0.6297
0.4856
0.9792
0.9612
0.9293
0.8752
0.7940
0.8983
0.8217
0.6189
0.3815
0.2015
0.9421
0.8873
0.7943
0.6554
0.4798
0.9373
0.8990
0.8660
0.8350
0.7913
0.9910
0.9754
0.9411
0.8852
0.8177
0.9604
0.9484
0.9250
0.8867
0.8199
0.9668
0.9540
0.9218
0.8506
0.7776
0.9355
0.8979
0.8534
0.8051
0.7526
0.9593
0.9775
0.8454
0.7640
0.6537
0.9299
0.8123
0.7161
0.5896
0.4297
0.9668
0.9810
0.9635
0.9434
0.9214
0.9475
0.9567
0.9660
0.9762
0.9874
0.9974
0.9939
0.9818
0.9692
0.9190
0.9956
0.9872
0.9812
0.9528
0.9248
1.0000
1.0000
1.0000
1.0000
1.0000
0.9004
0.8270
0.7200
0.5879
0.4450
0.8792
0.8235
0.7494
0.6616
0.5625
0.9014
0.8347
0.7270
0.5863
0.5031
0.9148
0.8460
0.7316
0.6361
0.4869
0.9925
0.9810
0.9254
0.8925
0.8209
0.9298
0.8960
0.8430
0.7836
0.7441
0.9395
0.8911
0.8104
0.7011
0.5680
0.9830
0.9678
0.9385
0.8899
0.8113
0.9510
0.9115
0.8427
0.7479
0.6232
0.9796
0.9629
0.9299
0.8705
0.7766
0.9375
0.8874
0.7393
0.5226
0.3045
0.9646
0.9312
0.8710
0.7671
0.6191
0.9611
0.9314
0.8816
0.8370
0.7528
0.9833
0.9476
0.8607
0.7254
0.5861
0.9592
0.9304
0.8652
0.7484
0.6009
0.9612
0.9341
0.8695
0.7477
0.6343
0.9414
0.8951
0.8210
0.6561
0.5120
0.9790
0.9561
0.8745
0.6539
0.4968
0.9182
0.8803
0.8016
0.6018
0.6389
0.9627
0.9646
0.9353
0.9085
0.8760
0.9579
0.9629
0.9705
0.9769
0.9884
0.9976
0.9946
0.9783
0.9695
0.8980
0.9951
0.9870
0.9732
0.9475
0.8810
1.0000
1.0000
1.0000
1.0000
1.0000
0.9396
0.8930
0.8231
0.7244
0.5999
0.9269
0.8738
0.7893
0.6319
0.3808
0.9252
0.8704
0.7798
0.6479
0.4758
0.9388
0.8843
0.7859
0.6174
0.5002
0.9936
0.9800
0.9581
0.9223
0.6035
0.9450
0.8909
0.8057
0.6638
0.5059
0.9478
0.9097
0.8513
0.7815
0.7047
0.9849
0.9717
0.9473
0.9079
0.8509
0.9577
0.9257
0.8756
0.8107
0.7347
0.9954
0.9909
0.9827
0.9672
0.9392
0.9461
0.9064
0.8036
0.6782
0.5496
0.9670
0.9380
0.8896
0.8060
0.7095
0.9824
0.9737
0.9653
0.9500
0.9255
0.9643
0.8790
0.7301
0.5953
0.4875
0.9960
0.9920
0.9795
0.9192
0.7677
0.9904
0.9809
0.9492
0.8743
0.7747
0.9929
0.9888
0.9761
0.9609
0.9153
0.9980
0.9935
0.9500
0.9317
0.9123
0.9438
0.9727
0.9252
0.9264
0.8458
0.9947
0.9788
0.9676
0.9521
0.9349
0.9469
0.9574
0.9673
0.9778
0.9887
0.9975
0.9932
0.9777
0.9617
0.9156
0.9927
0.9887
0.9596
0.9659
0.8420
1.0000
1.0000
1.0000
1.0000
1.0000
0.9515
0.9179
0.8702
0.8101
0.7430
0.9886
0.9793
0.9647
0.9405
0.8953
0.9726
0.9478
0.9547
0.8312
0.7537
0.9198
0.8694
0.8001
0.7371
0.7049
0.9992
0.9977
0.9952
0.9920
0.9874
0.9836
0.9642
0.9269
0.8857
0.8251
