0.7070
0.6152
0.5161
0.4205
0.3285
0.8596
0.7919
0.7062
0.6145
0.5149
0.7028
0.5977
0.4897
0.3811
0.2818
0.7252
0.6363
0.5429
0.4594
0.3701
0.7079
0.6178
0.4655
0.3270
0.2107
0.8108
0.6854
0.5599
0.4447
0.3295
0.7085
0.5870
0.5052
0.4164
0.3330
0.7076
0.5315
0.3654
0.2305
0.1125
0.6412
0.5352
0.3938
0.2611
0.1305
0.6200
0.5211
0.3991
0.2586
0.1613
0.6068
0.5039
0.4004
0.2489
0.0858
0.8168
0.8424
0.6548
0.4630
0.2217
0.8158
0.5847
0.3621
0.2871
0.3617
0.8939
0.8689
0.7920
0.6981
0.6190
0.9006
0.9186
0.9378
0.9554
0.9770
0.9897
0.9821
0.9852
0.9870
0.9343
0.9443
1.0567
0.8697
1.1013
0.7091
1.0000
1.0000
1.0000
1.0000
1.0000
0.7021
0.6095
0.5137
0.4156
0.3257
0.6104
0.5098
0.4140
0.3075
0.1897
0.6139
0.5071
0.3990
0.2884
0.1819
0.6582
0.5419
0.4257
0.3640
0.1853
0.8499
0.7195
0.6227
0.5312
0.1619
0.6047
0.4928
0.3714
0.2301
0.0930
0.6019
0.4928
0.3896
0.3000
0.2241
0.7994
0.7076
0.5994
0.4912
0.3868
0.5962
0.4788
0.3628
0.2623
0.1822
0.6741
0.5671
0.4570
0.3518
0.2619
0.6018
0.4964
0.3430
0.2303
0.1471
0.7059
0.5875
0.4151
0.2806
0.1839
0.6115
0.5145
0.4754
0.3597
0.3084
0.7716
0.5953
0.4100
0.2668
0.1496
0.5275
0.4389
0.3273
0.2226
0.1290
0.5954
0.4975
0.3614
0.2141
0.1257
0.4456
0.3113
0.1548
0.0608
0.0347
0.8950
0.5647
0.2520
0.0965
0.0801
0.4722
0.4526
0.2593
0.1500
0.4188
0.7079
0.8584
0.7700
0.7106
0.6237
0.8558
0.8767
0.9048
0.9334
0.9647
0.9823
0.9678
0.9638
0.9654
0.8350
0.9181
1.0584
0.8198
1.1070
0.6138
1.0000
1.0000
1.0000
1.0000
1.0000
0.6446
0.5362
0.4317
0.3355
0.2529
0.4521
0.3327
0.2249
0.1197
0.0399
0.4745
0.3512
0.2389
0.1415
0.0747
0.5515
0.4368
0.3054
0.2250
0.0794
0.7630
0.5605
0.1869
0.0712
0.0292
0.4407
0.3056
0.1635
0.0641
0.0189
0.6286
0.5330
0.4386
0.3550
0.2789
0.8063
0.7215
0.6247
0.5272
0.4350
0.6200
0.5153
0.4099
0.3131
0.2347
0.6757
0.5776
0.4860
0.3897
0.3008
0.6286
0.5355
0.3974
0.2854
0.1924
0.7326
0.5916
0.4544
0.3482
0.2591
0.6634
0.5704
0.5160
0.4247
0.3808
0.8087
0.6700
0.5172
0.3730
0.2367
0.6604
0.5796
0.4662
0.3349
0.2177
0.6818
0.5955
0.4589
0.2891
0.1923
0.5053
0.3487
0.2199
0.1112
0.0723
0.6079
0.5612
0.4240
0.3074
0.1881
0.5762
0.3938
0.4185
0.1976
0.1255
0.7184
0.8188
0.7358
0.6691
0.6122
0.8425
0.8729
0.9018
0.9324
0.9598
0.9819
0.9534
0.9716
0.9123
0.9082
0.9184
1.0082
0.8218
1.0257
0.6244
1.0000
1.0000
1.0000
1.0000
1.0000
0.6173
0.5192
0.4242
0.3395
0.2611
0.4930
0.3835
0.2610
0.1398
0.0591
0.5078
0.4010
0.3045
0.2206
0.1262
0.6101
0.5005
0.4139
0.2914
0.2226
0.7936
0.6366
0.3023
0.1796
0.1058
0.4984
0.3739
0.2249
0.1097
0.0608
0.6021
0.4967
0.3971
0.3118
0.2379
0.7989
0.7086
0.6008
0.4992
0.3953
0.5949
0.4773
0.3640
0.2686
0.1867
0.6932
0.5911
0.4913
0.3854
0.2945
0.6035
0.5013
0.3557
0.2499
0.1680
0.7284
0.6053
0.4427
0.3108
0.2182
0.6213
0.5476
0.4476
0.3613
0.3095
0.8371
0.7037
0.5492
0.4065
0.2738
0.5899
0.5191
0.4255
0.3145
0.2112
0.6595
0.5773
0.4450
0.2712
0.1609
0.4464
0.3054
0.2050
0.1224
0.0693
0.7057
0.5203
0.3267
0.2406
0.1428
0.4841
0.3128
0.2132
0.2579
0.1129
0.6384
0.8868
0.8094
0.7715
0.6706
0.8700
0.8951
0.9165
0.9401
0.9648
0.9844
0.9706
0.9699
0.9744
0.8576
0.9178
1.0715
0.8150
1.1379
0.6054
1.0000
1.0000
1.0000
1.0000
1.0000
0.6387
0.5370
0.4370
0.3469
0.2669
0.4695
0.3509
0.2302
0.1182
0.0476
0.4809
0.3669
0.2607
0.1768
0.0973
0.5676
0.4577
0.3563
0.2606
0.1125
0.7489
0.4490
0.2790
0.2008
0.0775
0.4481
0.3041
0.1848
0.1167
0.0562
0.7431
0.6597
0.5722
0.4841
0.3947
0.8774
0.8169
0.7414
0.6588
0.5680
0.7378
0.6489
0.5496
0.4470
0.3493
0.7704
0.6975
0.6123
0.5262
0.4382
0.7435
0.6629
0.5241
0.3898
0.2644
0.8055
0.6846
0.5617
0.4498
0.3496
0.7561
0.6659
0.5614
0.4575
0.3828
0.7395
0.5949
0.4417
0.2937
0.1591
0.7361
0.6571
0.5234
0.3515
0.1983
0.7013
0.6070
0.4820
0.3311
0.2223
0.6987
0.6003
0.5052
0.3882
0.2396
0.8765
0.9332
0.8283
0.7213
0.3926
0.7138
0.8999
0.5317
0.3332
0.2388
0.9066
0.8741
0.7931
0.7209
0.6310
0.8867
0.9069
0.9300
0.9523
0.9751
0.9885
0.9697
0.9230
0.9272
0.7146
0.9498
0.9594
0.8842
0.8377
0.7399
1.0000
1.0000
1.0000
1.0000
1.0000
0.7640
0.6861
0.5992
0.5078
0.4156
0.6752
0.5870
0.4977
0.3997
0.2907
0.6777
0.5787
0.4765
0.3683
0.2471
0.7459
0.6634
0.5725
0.4541
0.3373
0.8911
0.7995
0.7294
0.6676
0.5898
0.6904
0.5958
0.4917
0.3764
0.2429
0.7039
0.6107
0.5122
0.4176
0.3271
0.8557
0.7864
0.7009
0.6070
0.5091
0.6974
0.5949
0.4837
0.3831
0.2838
0.7255
0.6433
0.5508
0.4545
0.3765
0.7029
0.6129
0.4616
0.3247
0.2093
0.7964
0.6916
0.5490
0.4110
0.2987
0.7201
0.6191
0.5227
0.4246
0.3333
0.7112
0.5356
0.3691
0.2356
0.1209
0.6470
0.5483
0.4027
0.2523
0.1243
0.6320
0.5286
0.3986
0.2509
0.1505
0.5950
0.4876
0.3777
0.2283
0.0721
0.7936
0.7327
0.7167
0.5850
0.3139
0.6901
0.6384
0.4321
0.2515
0.2237
0.8958
0.8535
0.7414
0.6687
0.5969
0.8890
0.9116
0.9340
0.9573
0.9756
0.9889
0.9666
0.9845
0.9364
0.9447
0.9402
1.0153
0.8645
1.0049
0.7025
1.0000
1.0000
1.0000
1.0000
1.0000
0.7234
0.6339
0.5377
0.4407
0.3473
0.5920
0.4930
0.3925
0.2905
0.1730
0.6008
0.4922
0.3832
0.2741
0.1622
0.6830
0.5602
0.4292
0.3539
0.2660
0.8588
0.7385
0.6386
0.5532
0.1398
0.6005
0.4902
0.3667
0.2282
0.0771
0.6945
0.6031
0.5073
0.4168
0.3317
0.8518
0.7800
0.6934
0.6018
0.5077
0.6890
0.5865
0.4801
0.3726
0.2792
0.7359
0.6510
0.5638
0.4699
0.3858
0.6953
0.6062
0.4611
0.3329
0.2231
0.7849
0.6578
0.5359
0.4225
0.3220
0.7233
0.6280
0.5215
0.4337
0.3386
0.8610
0.7597
0.6277
0.4531
0.2071
0.7701
0.7068
0.5991
0.4593
0.2871
0.7763
0.7061
0.5809
0.3931
0.2615
0.6616
0.5477
0.4044
0.2450
0.1188
0.8976
0.7583
0.5686
0.3945
0.2700
0.6632
0.5392
0.3367
0.2792
0.1606
0.8614
0.8826
0.7969
0.7391
0.6848
0.8805
0.8992
0.9238
0.9455
0.9712
0.9888
0.9783
0.9828
0.9755
0.8923
0.9384
1.0520
0.8596
1.0630
0.6908
1.0000
1.0000
1.0000
1.0000
1.0000
0.7062
0.6190
0.5271
0.4361
0.3511
0.6464
0.5596
0.4457
0.3228
0.1947
0.6311
0.5317
0.4229
0.3202
0.1906
0.6825
0.5783
0.4519
0.3665
0.2588
0.8777
0.7731
0.4664
0.4251
0.2761
0.6531
0.5586
0.4314
0.2760
0.1337
0.7373
0.6541
0.5653
0.4777
0.3922
0.8732
0.8110
0.7347
0.6505
0.5611
0.7348
0.6443
0.5445
0.4465
0.3506
0.7776
0.7086
0.6264
0.5396
0.4519
0.7377
0.6565
0.5179
0.3866
0.2651
0.8012
0.6981
0.5522
0.4321
0.3191
0.7370
0.6519
0.5804
0.4788
0.3710
0.7116
0.5518
0.3934
0.2586
0.1452
0.7008
0.6242
0.5098
0.3732
0.2281
0.6761
0.5850
0.4615
0.3219
0.2276
0.6627
0.5668
0.4620
0.3764
0.2323
0.9136
0.9395
0.8214
0.7658
0.7002
0.7679
0.5436
0.7385
0.4280
0.2823
0.9190
0.8681
0.7690
0.6975
0.6240
0.8808
0.9026
0.9265
0.9497
0.9769
0.9911
0.9491
0.9839
0.8498
0.9099
0.9484
0.9355
0.8820
0.8139
0.7372
1.0000
1.0000
1.0000
1.0000
0.9951
0.7583
0.6795
0.5948
0.5018
0.4111
0.6546
0.5650
0.4746
0.3781
0.2780
0.6589
0.5601
0.4622
0.3646
0.2599
0.7119
0.6134
0.5206
0.4212
0.3793
0.8955
0.8084
0.7342
0.6817
0.6164
0.6673
0.5728
0.4735
0.3660
0.2432
0.6709
0.5799
0.4890
0.4047
0.3252
0.8338
0.7583
0.6685
0.5783
0.4871
0.6649
0.5646
0.4635
0.3672
0.2770
0.7353
0.6580
0.5697
0.4770
0.3877
0.6706
0.5826
0.4450
0.3267
0.2244
0.7667
0.6388
0.5146
0.4058
0.3086
0.7069
0.6112
0.4918
0.4129
0.3359
0.7773
0.6269
0.4681
0.3203
0.1801
0.6607
0.5927
0.4890
0.3652
0.2308
0.6736
0.5908
0.4736
0.3254
0.2222
0.5461
0.4557
0.3303
0.1881
0.1044
0.9215
0.8591
0.5945
0.3223
0.2089
0.6395
0.4858
0.3431
0.2904
0.2181
0.7967
0.8501
0.7420
0.6646
0.6110
0.8435
0.8734
0.8992
0.9323
0.9620
0.9860
0.9709
0.9822
0.9489
0.9342
0.9309
1.0466
0.8453
1.0365
0.6707
1.0000
1.0000
1.0000
1.0000
1.0000
0.6813
0.5950
0.5094
0.4232
0.3410
0.5495
0.4529
0.3465
0.2356
0.1376
0.5592
0.4632
0.3689
0.2839
0.1564
0.6521
0.5682
0.4516
0.3342
0.2779
0.8501
0.7285
0.6208
0.3852
0.2241
0.5607
0.4618
0.3405
0.2089
0.1056
0.6507
0.5515
0.4558
0.3669
0.2882
0.8239
0.7429
0.6470
0.5487
0.4533
0.6443
0.5343
0.4275
0.3261
0.2403
0.7199
0.6459
0.5520
0.4528
0.3599
0.6505
0.5557
0.4108
0.2930
0.1969
0.7695
0.6529
0.4979
0.3598
0.2597
0.6893
0.5977
0.4919
0.3779
0.2843
0.7942
0.6443
0.4781
0.3251
0.1845
0.6434
0.5660
0.4396
0.2942
0.1702
0.6711
0.5840
0.4522
0.2857
0.1764
0.5232
0.4134
0.2604
0.1363
0.0729
0.8023
0.7087
0.5637
0.4215
0.1589
0.7582
0.4124
0.3221
0.2014
0.1685
0.7956
0.8350
0.7477
0.6724
0.6098
0.8551
0.8824
0.9076
0.9320
0.9656
0.9857
0.9623
0.9818
0.9347
0.9209
0.9271
1.0326
0.8375
1.0239
0.6501
1.0000
1.0000
1.0000
0.9990
0.9947
0.6629
0.5728
0.4821
0.3960
0.3168
0.5193
0.4164
0.3010
0.1860
0.0876
0.5384
0.4308
0.3312
0.2374
0.1212
0.6271
0.5256
0.4048
0.3489
0.2504
0.8482
0.7100
0.3807
0.2074
0.1052
0.5414
0.4231
0.2810
0.1345
0.0627
0.6923
0.5989
0.5029
0.4118
0.3270
0.8510
0.7795
0.6922
0.5978
0.5006
0.6872
0.5810
0.4774
0.3714
0.2775
0.7331
0.6606
0.5692
0.4764
0.3874
0.6930
0.6021
0.4549
0.3259
0.2160
0.7817
0.6466
0.5244
0.4062
0.3009
0.7161
0.6199
0.5467
0.4698
0.3812
0.7415
0.5806
0.4207
0.2844
0.1614
0.6520
0.5637
0.4315
0.2916
0.1679
0.6561
0.5592
0.4325
0.2852
0.1791
0.6003
0.4907
0.3902
0.2222
0.0940
0.8361
0.8874
0.6690
0.4079
0.2279
0.5982
0.5462
0.3645
0.2827
0.1629
0.8907
0.8414
0.7540
0.6661
0.6106
0.8668
0.8912
0.9161
0.9430
0.9720
0.9882
0.9777
0.9504
0.9618
0.8161
0.9395
1.0259
0.8604
0.9806
0.6919
1.0000
1.0000
1.0000
1.0000
0.9999
0.7145
0.6253
0.5312
0.4372
0.3485
0.5895
0.4902
0.3936
0.2864
0.1689
0.5987
0.4908
0.3780
0.2747
0.1689
0.6843
0.5963
0.4657
0.3497
0.2325
0.8602
0.7504
0.6632
0.5607
0.2268
0.6015
0.4909
0.3745
0.2374
0.0983
0.6279
0.5246
0.4243
0.3364
0.2640
0.8130
0.7257
0.6242
0.5219
0.4221
0.6223
0.5073
0.3983
0.2978
0.2182
0.6794
0.5880
0.4844
0.3847
0.2998
0.6278
0.5277
0.3797
0.2666
0.1772
0.7372
0.5979
0.4405
0.3060
0.2167
0.6439
0.5647
0.4457
0.4173
0.3406
0.7801
0.6147
0.4360
0.2879
0.1649
0.5785
0.4923
0.3693
0.2460
0.1550
0.6405
0.5450
0.4004
0.2342
0.1519
0.4700
0.3297
0.1687
0.0919
0.0586
0.8194
0.8647
0.3625
0.3252
0.2539
0.5988
0.4333
0.2475
0.1978
0.4544
0.7106
0.8614
0.7631
0.7094
0.6109
0.8473
0.8733
0.9024
0.9338
0.9713
0.9849
0.9582
0.9836
0.9014
0.9664
0.9228
1.0377
0.8287
1.0429
0.6335
1.0000
1.0000
1.0000
1.0000
1.0000
0.6360
0.5392
0.4466
0.3579
0.2815
0.4811
0.3619
0.2476
0.1381
0.0622
0.4983
0.3811
0.2758
0.1870
0.0977
0.6174
0.5087
0.3977
0.2762
0.1914
0.8395
0.7076
0.3697
0.2367
0.1140
0.4658
0.3355
0.1937
0.0966
0.0543
0.7187
0.6282
0.5313
0.4354
0.3441
0.8656
0.7988
0.7165
0.6253
0.5266
0.7135
0.6142
0.5057
0.3989
0.2988
0.7531
0.6874
0.5963
0.5055
0.4087
0.7189
0.6304
0.4794
0.3402
0.2196
0.7997
0.6805
0.5524
0.4359
0.3282
0.7193
0.6138
0.5124
0.4261
0.2971
0.6578
0.4857
0.3331
0.2127
0.1081
0.6285
0.5140
0.3541
0.2054
0.0944
0.5862
0.4742
0.3539
0.2221
0.1293
0.6395
0.5375
0.4291
0.3268
0.1617
0.8672
0.8297
0.6975
0.7521
0.5596
0.7607
0.7179
0.4002
0.3185
0.1803
0.9305
0.8448
0.7599
0.6972
0.6152
0.8809
0.9013
0.9231
0.9464
0.9730
0.9903
0.9544
0.9846
0.8728
0.9269
0.9443
0.9413
0.8742
0.8748
0.7184
1.0000
1.0000
1.0000
1.0000
0.9998
0.7244
0.6356
0.5388
0.4382
0.3420
0.6365
0.5351
0.4311
0.3358
0.2437
0.6397
0.5278
0.4205
0.3051
0.1894
0.6884
0.5842
0.4665
0.3583
0.2242
0.8716
0.7637
0.6736
0.6066
0.5218
0.6405
0.5280
0.4106
0.2911
0.1630
0.7043
0.6109
0.5143
0.4211
0.3356
0.8577
0.7884
0.7024
0.6084
0.5131
0.6977
0.5970
0.4861
0.3832
0.2857
0.7463
0.6704
0.5794
0.4861
0.3962
0.7035
0.6136
0.4657
0.3356
0.2253
0.7944
0.6821
0.5429
0.4096
0.2986
0.7149
0.6180
0.5071
0.4078
0.3475
0.7532
0.5996
0.4438
0.3035
0.1735
0.6571
0.5642
0.4345
0.2910
0.1711
0.6540
0.5629
0.4431
0.2892
0.1813
0.6424
0.5300
0.4251
0.2795
0.1394
0.8322
0.8425
0.8605
0.5689
0.4405
0.6290
0.5927
0.3587
0.2783
0.1718
0.9006
0.8566
0.7623
0.6913
0.5991
0.8751
0.8993
0.9218
0.9454
0.9722
0.9888
0.9754
0.9735
0.9541
0.8729
0.9414
1.0230
0.8660
0.9862
0.7014
1.0000
1.0000
1.0000
1.0000
1.0000
0.7123
0.6237
0.5293
0.4377
0.3461
0.6153
0.5158
0.4174
0.3110
0.1920
0.6266
0.5166
0.4069
0.2959
0.1838
0.7021
0.6113
0.5107
0.3792
0.2773
0.8657
0.7452
0.6430
0.5759
0.3036
0.6243
0.5182
0.4042
0.2787
0.1343
0.6396
0.5410
0.4448
0.3617
0.2860
0.8146
0.7318
0.6350
0.5355
0.4395
0.6298
0.5251
0.4127
0.3214
0.2371
0.7125
0.6283
0.5321
0.4346
0.3459
0.6392
0.5444
0.4034
0.2906
0.1959
0.7298
0.5641
0.4365
0.3281
0.2437
0.6679
0.5755
0.4963
0.4231
0.3575
0.7979
0.6576
0.5105
0.3814
0.2627
0.6127
0.5423
0.4407
0.3322
0.2269
0.6497
0.5670
0.4492
0.2910
0.2022
0.5168
0.3762
0.2539
0.1500
0.1067
0.7594
0.6892
0.3135
0.3246
0.1440
0.7039
0.4160
0.3692
0.2605
0.1354
0.7313
0.8549
0.7706
0.7129
0.6503
0.8536
0.8703
0.8967
0.9294
0.9597
0.9804
0.9611
0.9188
0.9378
0.7167
0.9228
0.9941
0.8268
0.9621
0.6309
1.0000
1.0000
1.0000
1.0000
1.0000
0.7218
0.6277
0.5300
0.4348
0.3476
0.4988
0.3951
0.2926
0.1760
0.0907
0.5157
0.4094
0.2994
0.2115
0.1545
0.6336
0.5312
0.4224
0.3194
0.2457
0.8132
0.6740
0.4265
0.3560
0.2526
0.5160
0.3993
0.2668
0.1555
0.0973
0.6181
0.5142
0.4137
0.3235
0.2445
0.8069
0.7194
0.6164
0.5115
0.4109
0.6124
0.4973
0.3796
0.2832
0.1981
0.6781
0.5917
0.4920
0.3970
0.3139
0.6185
0.5175
0.3674
0.2519
0.1636
0.7528
0.6233
0.4740
0.3312
0.2278
0.6316
0.5212
0.3901
0.3427
0.2318
0.7841
0.6231
0.4582
0.3242
0.2039
0.5894
0.4946
0.3665
0.2409
0.1422
0.6350
0.5428
0.4036
0.2303
0.1337
0.4799
0.3540
0.1678
0.0782
0.0522
0.7727
0.5983
0.3569
0.1863
0.0854
0.5395
0.3429
0.3055
0.1390
0.1400
0.7178
0.8450
0.7737
0.6929
0.6273
0.8528
0.8775
0.8996
0.9258
0.9617
0.9838
0.9624
0.9814
0.9367
0.9633
0.9192
1.0452
0.8213
1.0969
0.6206
1.0000
1.0000
1.0000
0.9993
0.9949
0.6313
0.5320
0.4338
0.3419
0.2639
0.4802
0.3702
0.2531
0.1300
0.0469
0.4899
0.3733
0.2682
0.1821
0.0647
0.5569
0.4549
0.3522
0.2622
0.1403
0.8033
0.4021
0.1627
0.0818
0.0314
0.4703
0.3339
0.1757
0.0728
0.0397
0.6623
0.5675
0.4687
0.3813
0.2990
0.8316
0.7533
0.6595
0.5631
0.4653
0.6573
0.5489
0.4373
0.3382
0.2451
0.7378
0.6672
0.5745
0.4786
0.3886
0.6619
0.5687
0.4237
0.3038
0.2055
0.7600
0.6298
0.4923
0.3870
0.2865
0.6932
0.6112
0.4880
0.3651
0.2470
0.8195
0.6956
0.5563
0.4072
0.2482
0.6627
0.5845
0.4664
0.3265
0.2003
0.6975
0.6198
0.4940
0.3102
0.2004
0.5755
0.4652
0.2807
0.1557
0.0674
0.7741
0.6734
0.6253
0.4139
0.1218
0.6479
0.5412
0.2867
0.2106
0.2322
0.7857
0.8374
0.7737
0.7187
0.6322
0.8560
0.8807
0.9061
0.9288
0.9646
0.9853
0.9726
0.9126
0.9679
0.8134
0.9281
1.0217
0.8414
1.0033
0.6584
1.0000
1.0000
0.9998
0.9978
0.9973
0.6818
0.5934
0.5033
0.4132
0.3292
0.5540
0.4596
0.3518
0.2127
0.0975
0.5536
0.4430
0.3371
0.2381
0.1450
0.6316
0.5250
0.3877
0.2726
0.1824
0.8670
0.7614
0.4635
0.3087
0.1276
0.5626
0.4611
0.3228
0.1588
0.0649
0.6941
0.6009
0.5025
0.4114
0.3230
0.8518
0.7797
0.6916
0.5972
0.4999
0.6875
0.5847
0.4734
0.3703
0.2742
0.7516
0.6705
0.5784
0.4836
0.3919
0.6943
0.6031
0.4545
0.3236
0.2129
0.7765
0.6406
0.4951
0.3625
0.2604
0.6967
0.6005
0.5023
0.4146
0.3489
0.7634
0.6151
0.4557
0.3011
0.1558
0.6478
0.5561
0.4149
0.2567
0.1407
0.6553
0.5654
0.4396
0.2787
0.1673
0.6153
0.5193
0.4158
0.2376
0.0873
0.7601
0.7705
0.6804
0.5248
0.2281
0.6086
0.5237
0.4919
0.2914
0.1602
0.8779
0.8576
0.7674
0.6999
0.6122
0.8745
0.8992
0.9212
0.9458
0.9725
0.9883
0.9700
0.9542
0.9472
0.7890
0.9385
1.0113
0.8607
0.9874
0.6928
1.0000
1.0000
1.0000
1.0000
1.0000
0.7039
0.6116
0.5137
0.4181
0.3262
0.5963
0.5026
0.4086
0.3036
0.1792
0.6086
0.4989
0.3853
0.2662
0.1463
0.6824
0.5760
0.4470
0.3450
0.2314
0.8709
0.7615
0.6768
0.5852
0.3458
0.6231
0.5134
0.3900
0.2489
0.0966
0.7043
0.6165
0.5257
0.4360
0.3504
0.8554
0.7862
0.7028
0.6149
0.5233
0.6975
0.6004
0.4992
0.4008
0.3091
0.7642
0.6709
0.5876
0.5193
0.4109
0.7048
0.6185
0.4770
0.3484
0.2325
0.7860
0.6640
0.5358
0.4283
0.3221
0.7151
0.6401
0.5433
0.4750
0.3874
0.7453
0.5835
0.4219
0.2808
0.1485
0.6842
0.6110
0.5091
0.3854
0.2472
0.6844
0.5967
0.4658
0.3125
0.2136
0.6081
0.5037
0.4023
0.2645
0.1383
0.8185
0.8305
0.7008
0.6521
0.4418
0.7151
0.6249
0.4708
0.3286
0.2058
0.8631
0.8670
0.7864
0.7163
0.6442
0.8749
0.8984
0.9239
0.9439
0.9744
0.9889
0.9702
0.9804
0.9104
0.9288
0.9409
1.0029
0.8655
0.9178
0.7065
1.0000
1.0000
1.0000
1.0000
1.0000
0.7080
0.6199
0.5296
0.4380
0.3487
0.6029
0.5080
0.4114
0.2955
0.1819
0.6129
0.5129
0.4086
0.3120
0.2077
0.6906
0.5986
0.4984
0.3773
0.2415
0.8856
0.7905
0.7179
0.6489
0.5796
0.6139
0.5121
0.3938
0.2683
0.1607
0.7063
0.6197
0.5314
0.4469
0.3686
0.8497
0.7822
0.7006
0.6147
0.5275
0.7005
0.6073
0.5073
0.4134
0.3230
0.7039
0.6237
0.5349
0.4451
0.3584
0.7060
0.6227
0.4868
0.3639
0.2526
0.7730
0.6346
0.5059
0.3885
0.2882
0.7262
0.6383
0.5533
0.4601
0.3865
0.7687
0.6294
0.4852
0.3493
0.2201
0.7165
0.6535
0.5504
0.4044
0.2634
0.6950
0.6130
0.5002
0.3551
0.2551
0.5686
0.4759
0.3303
0.2101
0.1202
0.8342
0.9589
0.5227
0.4415
0.1823
0.7488
0.4844
0.6148
0.3099
0.1825
0.8488
0.8052
0.6782
0.6098
0.5129
0.8297
0.8657
0.8973
0.9351
0.9699
0.9830
0.9474
0.9539
0.8731
0.8233
0.9346
0.9136
0.8596
0.7341
0.6978
1.0000
1.0000
1.0000
1.0000
1.0000
0.7794
0.7063
0.6264
0.5406
0.4549
0.5757
0.4745
0.3742
0.2595
0.1462
0.5861
0.4896
0.3970
0.3064
0.2282
0.6236
0.5284
0.4534
0.3634
0.2879
0.8447
0.7306
0.6300
0.4093
0.2599
0.6009
0.4976
0.3790
0.2298
0.1208
0.6973
0.6098
0.5182
0.4306
0.3492
0.8486
0.7785
0.6942
0.6071
0.5162
0.6915
0.5953
0.4946
0.3950
0.2993
0.7328
0.6562
0.5720
0.4824
0.3980
0.6968
0.6115
0.4719
0.3444
0.2310
0.7901
0.6675
0.5410
0.4278
0.3297
0.7253
0.6471
0.5514
0.4615
0.3468
0.7150
0.5571
0.4066
0.2746
0.1498
0.6458
0.5620
0.4353
0.2912
0.1635
0.6290
0.5388
0.4256
0.2885
0.1864
0.5829
0.4861
0.3856
0.2309
0.0944
0.8879
0.8644
0.7289
0.5331
0.1581
0.6267
0.4783
0.4063
0.2450
0.2364
0.8718
0.8212
0.7248
0.6404
0.5594
0.8634
0.8832
0.9121
0.9413
0.9692
0.9880
0.9632
0.9817
0.9317
0.8936
0.9364
1.0128
0.8587
0.9727
0.6952
1.0000
1.0000
1.0000
1.0000
0.9992
0.7178
0.6352
0.5508
0.4646
0.3794
0.5787
0.4858
0.3946
0.2946
0.1803
0.5887
0.4881
0.3890
0.2924
0.1892
0.6602
0.5586
0.4667
0.3677
0.2886
0.8397
0.7185
0.6186
0.5328
0.2248
0.5946
0.4927
0.3805
0.2468
0.1041
0.6652
0.5664
0.4665
0.3725
0.2887
0.8346
0.7565
0.6619
0.5636
0.4629
0.6585
0.5481
0.4363
0.3326
0.2417
0.7117
0.6320
0.5330
0.4357
0.3475
0.6652
0.5691
0.4174
0.2916
0.1907
0.7717
0.6558
0.4945
0.3679
0.2599
0.6846
0.5850
0.4860
0.3999
0.3000
0.7496
0.5845
0.4186
0.2784
0.1552
0.6091
0.5124
0.3877
0.2634
0.1522
0.6227
0.5299
0.4044
0.2498
0.1545
0.5627
0.4497
0.3158
0.1519
0.0535
0.9636
0.7534
0.6448
0.3612
0.1252
0.6759
0.4746
0.3621
0.2287
0.1669
0.8494
0.8687
0.7778
0.6749
0.6119
0.8799
0.9023
0.9253
0.9486
0.9704
0.9874
0.9665
0.9827
0.9224
0.9537
0.9316
1.0141
0.8469
1.0216
0.6658
1.0000
1.0000
1.0000
1.0000
1.0000
0.6886
0.5948
0.4978
0.4011
0.3113
0.5545
0.4532
0.3475
0.2351
0.1246
0.5663
0.4520
0.3417
0.2355
0.1280
0.6425
0.5368
0.4249
0.3176
0.2410
0.8478
0.7171
0.5980
0.3370
0.1377
0.5679
0.4440
0.3100
0.1608
0.0488
0.6437
0.5478
0.4553
0.3742
0.2985
0.8166
0.7343
0.6407
0.5458
0.4529
0.6362
0.5324
0.4254
0.3264
0.2430
0.7583
0.6785
0.5889
0.4926
0.3998
0.6443
0.5531
0.4172
0.3075
0.2139
0.7469
0.6037
0.4768
0.3659
0.2784
0.6663
0.5633
0.4699
0.3604
0.2841
0.8394
0.7244
0.5957
0.4712
0.3460
0.6735
0.6140
0.5204
0.4122
0.2797
0.7069
0.6401
0.5245
0.3444
0.2274
0.5600
0.4460
0.3231
0.2403
0.1569
0.7747
0.8286
0.5505
0.3983
0.2616
0.6872
0.5302
0.3281
0.2277
0.2148
0.8010
0.8592
0.8022
0.7129
0.6388
0.8293
0.8591
0.8909
0.9211
0.9528
0.9844
0.9555
0.9812
0.8939
0.9513
0.9213
1.0076
0.8271
0.9850
0.6344
1.0000
1.0000
1.0000
1.0000
1.0000
0.6414
0.5475
0.4545
0.3685
0.2902
0.5091
0.4121
0.3085
0.2091
0.1239
0.5410
0.4459
0.3505
0.2587
0.1647
0.6313
0.5294
0.4261
0.3483
0.2682
0.8469
0.7347
0.5189
0.4433
0.3245
0.5625
0.4646
0.3483
0.2233
0.1525
0.6821
0.5865
0.4855
0.3928
0.3056
0.8459
0.7715
0.6795
0.5830
0.4846
0.6754
0.5689
0.4565
0.3526
0.2564
0.7588
0.6809
0.5879
0.4899
0.3989
0.6825
0.5886
0.4379
0.3108
0.2084
0.7881
0.6744
0.5315
0.3942
0.2808
0.7115
0.6168
0.5137
0.4116
0.3129
0.7899
0.6414
0.4793
0.3295
0.1893
0.6873
0.5993
0.4662
0.3118
0.1733
0.6888
0.5971
0.4645
0.2991
0.1868
0.6132
0.5077
0.3985
0.2121
0.0786
0.8277
0.8882
0.6593
0.3785
0.1409
0.7599
0.4634
0.3528
0.2170
0.3304
0.8480
0.8700
0.8005
0.7313
0.6611
0.8950
0.9090
0.9285
0.9497
0.9726
0.9890
0.9712
0.9876
0.9551
0.9738
0.9359
1.0353
0.8549
1.0901
0.6802
1.0000
1.0000
1.0000
0.9997
0.9978
0.6865
0.5901
0.4936
0.3981
0.3097
0.6037
0.5030
0.4048
0.2840
0.1575
0.6008
0.4928
0.3798
0.2714
0.1612
0.6738
0.5710
0.4331
0.2894
0.1992
0.8687
0.7481
0.6494
0.5507
0.1882
0.6354
0.5163
0.3928
0.2378
0.0744
0.7777
0.7057
0.6252
0.5437
0.4587
0.8913
0.8366
0.7683
0.6929
0.6109
0.7743
0.6957
0.6096
0.5203
0.4287
0.8080
0.7408
0.6687
0.5881
0.5015
0.7784
0.7068
0.5799
0.4484
0.3117
0.8013
0.6778
0.5735
0.4664
0.3702
0.8714
0.8387
0.8047
0.7699
0.7098
0.6677
0.5292
0.3949
0.2935
0.2051
0.9046
0.8562
0.7563
0.5737
0.3704
0.7914
0.7006
0.5579
0.4094
0.3089
0.8058
0.7471
0.6570
0.5965
0.4941
0.9406
0.9087
0.8409
0.7845
0.7373
0.7940
0.8324
0.6403
0.6859
0.5886
0.9702
0.8916
0.8565
0.8122
0.7815
0.8692
0.8884
0.9131
0.9378
0.9678
0.9826
0.9846
0.9167
0.9548
0.8154
0.9569
0.9684
0.8952
0.9225
0.7638
1.0000
1.0000
1.0000
1.0000
1.0000
0.7859
0.7144
0.6353
0.5529
0.4682
0.8086
0.7498
0.6814
0.6038
0.5169
0.7656
0.6863
0.7082
0.5028
0.4088
0.8172
0.7673
0.7166
0.6699
0.5585
0.9149
0.8520
0.7974
0.7551
0.7119
0.8339
0.7536
0.6650
0.5845
0.4617
