35.6720
31.0427
26.7593
22.9489
19.1959
45.3896
40.8893
35.7143
31.0621
26.8077
25.3470
21.6729
18.3486
14.9789
11.7305
36.9352
35.9529
35.0106
33.6470
29.6166
40.6483
38.5195
30.6645
23.4640
16.7437
32.4769
27.8987
24.6048
20.8036
17.1692
33.7559
27.6802
24.1114
19.5880
15.1378
30.6083
23.6580
17.0249
11.9723
8.6723
30.7084
25.4620
19.2842
14.2930
9.5734
38.2740
31.2631
22.7367
15.7065
11.8194
34.7691
34.9626
31.5363
16.5175
8.9735
24.7362
22.5284
17.6904
14.2459
11.5062
36.3061
17.0953
15.4738
13.2761
15.7559
23.5288
20.0041
15.2803
13.0484
10.8147
12.4046
10.1899
9.0650
7.6303
9.1422
97.9473
375.6886
48.3796
44.3346
35.3081
25.3120
18.5318
16.4384
11.1870
9.9641
182.1565
182.1565
182.1565
182.1565
182.1565
35.0194
30.3444
26.3556
22.4075
18.6825
36.9462
35.0488
29.5095
21.3179
13.7641
30.0261
25.1438
20.6646
16.4412
12.8847
38.1619
30.5849
21.9303
19.9980
13.0638
39.9300
32.4679
27.7302
20.9694
10.7108
32.4693
25.6363
19.2927
13.6351
8.7612
33.2863
29.3564
25.6481
22.0522
18.6847
41.8024
37.4233
33.3180
29.3985
25.6151
24.8706
21.4917
18.1644
14.8066
11.8209
41.4378
39.7002
36.1809
30.9718
25.3737
39.6857
35.3376
28.6128
22.3397
15.7550
25.8895
19.7269
16.0051
12.8979
10.0166
30.7614
27.1516
24.5913
22.6242
17.1820
37.0933
30.2609
23.6521
18.5022
14.7952
29.5776
26.4624
22.7086
18.9629
14.4188
37.7102
31.8329
25.0015
19.2913
15.9849
35.1411
25.0067
17.3928
12.7703
9.3565
45.5204
21.3911
12.8800
11.8515
6.4886
20.7304
19.9030
15.0228
10.8771
6.0539
23.5875
23.5009
19.8458
19.1473
16.6986
13.6389
11.8353
10.8878
9.5669
8.8283
94.0196
51.6210
50.4271
32.6489
30.8274
29.2068
22.7265
20.8621
15.9634
15.1584
228.9898
228.9898
228.9898
228.9898
228.9898
34.2141
30.2762
26.6038
23.0812
19.5762
34.8763
27.5111
20.8289
15.3370
10.5191
27.6771
23.6735
20.2196
16.9691
13.7503
34.2124
29.5804
24.2105
19.9211
12.2386
35.1839
25.2353
16.8359
12.5466
10.6386
27.4813
21.7673
16.7145
12.4009
9.2339
35.5266
31.6652
27.8419
24.2717
20.8692
43.7640
39.5710
35.4919
31.4397
27.7343
27.0307
23.7562
20.3172
17.0380
13.8938
43.0408
41.0875
36.7784
31.7297
26.8163
41.1830
37.4528
30.8430
24.5752
18.4211
31.7880
28.0247
24.7788
21.2867
18.0222
32.1348
27.4185
24.4605
20.9782
15.0440
39.3124
32.4102
25.6235
20.1334
16.0953
35.5694
32.0023
27.1087
22.1401
15.9422
42.3567
36.4427
28.8424
22.0760
17.4335
36.2341
24.6122
18.6847
13.8328
10.4605
26.2627
22.9528
16.1104
13.9587
8.3312
31.6488
20.6774
18.8999
11.5598
7.9367
24.0579
25.6530
20.9202
19.2438
17.1939
16.7469
17.0674
17.9273
18.9666
12.9087
85.8618
41.5599
55.3360
26.6498
38.7179
26.4025
21.1157
18.2385
13.8837
12.5025
151.2880
151.2880
151.2880
151.2880
151.2880
34.6664
30.5954
27.0516
23.5911
20.2434
34.7252
28.1280
21.6357
15.9691
11.1839
30.3000
26.3492
22.9169
19.7423
15.3760
40.3865
36.0334
31.8596
24.5245
22.1120
36.9960
27.6938
18.7153
14.7212
12.1560
28.7273
23.1271
17.7316
13.1913
10.2460
32.1560
28.5813
24.9792
21.6355
18.2470
39.8704
35.9488
32.2073
28.6119
24.8934
24.4941
21.2581
17.8805
14.8039
11.5979
40.2117
37.3857
33.4871
28.6308
23.5298
37.3524
33.6326
27.4986
21.6032
15.5530
28.3360
20.4920
17.8014
14.6846
11.4318
29.3502
25.3165
22.7642
17.6681
13.6887
38.9877
32.4553
25.7332
20.0517
15.7934
29.9592
27.1046
23.6898
19.8022
14.2793
36.4659
31.5545
25.3486
19.5106
15.3428
26.0482
19.9320
15.9505
11.2853
8.4431
22.9440
19.3564
18.4786
11.4206
7.8058
24.9845
17.4172
14.7607
9.6328
5.9189
21.6908
25.8219
20.7306
19.3016
17.2044
15.2941
13.8961
12.6436
12.2564
7.4800
49.0421
49.7460
45.0879
37.3138
29.7777
25.5951
18.9902
17.0849
11.6979
11.0310
172.4743
172.4743
172.4743
172.4743
172.4743
32.4523
28.8627
25.2772
21.8129
18.4671
30.9253
23.5489
17.7334
13.2631
8.9766
26.3231
22.8990
19.9328
17.2427
11.9252
34.7112
30.8937
27.4907
22.9052
13.1434
33.7224
22.5575
16.9969
13.9758
9.6956
24.3545
19.3645
15.0522
11.4382
8.3935
44.7264
40.0358
35.3505
30.9741
26.7995
46.5867
46.9113
44.7894
40.0016
34.9874
32.8942
29.1098
25.5852
21.9920
18.6461
39.7616
39.2203
39.3106
39.6479
36.8514
42.0653
41.9015
39.3611
31.7797
23.4764
34.8920
30.0690
26.9053
23.3616
19.8006
42.9603
35.9966
30.3692
24.5632
20.3627
35.1461
28.2633
21.5294
16.2917
12.5108
39.7693
34.1741
27.2472
19.9209
13.3763
41.5939
39.3311
29.5442
21.2646
16.7801
38.1425
38.1200
37.8487
26.7789
17.0951
30.4658
27.6524
23.6631
17.3081
15.1097
36.6327
38.4150
27.5385
19.2568
15.5046
30.2018
22.4566
17.2168
15.5802
12.7422
15.8039
15.9560
15.9260
14.7259
17.2815
50.3648
51.4241
47.0452
31.7227
28.0493
28.1995
22.4223
19.5209
15.6697
13.5449
67.3081
67.3081
67.3081
67.3081
67.3081
44.4470
39.3061
34.3937
30.1511
26.2477
40.4131
40.0561
34.6383
27.1934
20.9384
38.3286
32.3124
27.4249
22.6308
17.6874
43.9541
45.8724
38.4526
29.3625
23.6677
46.2232
39.2054
34.9991
31.9088
26.4445
41.3457
34.5399
28.0362
22.0473
16.5795
40.5870
36.0919
31.7611
28.0143
24.3926
50.8563
45.4949
40.3137
35.6128
31.6454
30.5441
26.9895
23.5302
20.4593
17.1976
43.8215
43.7831
42.3930
37.5420
33.1949
47.1685
43.7843
35.4826
28.4445
21.9622
39.3281
32.5192
28.6802
24.9405
21.5552
36.4517
31.9471
29.5365
25.1267
21.0781
35.4642
28.5350
22.0872
17.2904
14.0502
35.9792
31.2925
25.3454
19.8806
14.5593
44.3764
37.2176
28.3717
21.2183
17.2121
40.8465
41.9580
34.1297
21.2823
14.1543
30.7522
24.9373
22.0673
19.6435
15.0223
33.9088
35.2940
20.7871
17.9926
14.2098
29.2778
24.6195
19.7471
17.6120
15.5948
16.2125
16.6949
16.6107
18.6777
21.6478
81.1029
34.1965
48.5240
21.9123
42.7964
26.1431
22.0920
17.8086
16.2441
11.9256
115.8265
115.8265
115.8265
115.8265
115.8265
39.3216
35.0245
30.9923
27.3248
23.8042
43.3488
39.6869
32.6384
25.9635
18.9186
34.3467
29.6992
25.4762
21.5262
17.5574
44.8024
37.1086
30.8076
28.0212
22.4793
45.6216
37.5447
30.5125
26.2443
15.5037
37.3530
31.1554
25.0346
19.4137
13.8821
38.1842
33.2581
28.7893
24.7805
21.0255
43.9530
42.4106
38.0040
33.2072
28.7750
27.0013
23.2389
19.7300
16.3558
13.0046
35.6269
34.8586
34.2714
33.8559
31.1068
38.8031
37.8453
32.7301
25.7670
18.8658
33.0177
29.5311
25.8965
21.9251
18.4938
34.1503
28.2859
22.6916
18.5870
14.7575
37.6875
29.8590
22.1012
15.3707
10.1353
36.3467
31.5142
25.3921
19.0611
11.9581
40.2509
37.2153
27.7442
19.3176
14.6111
38.9117
26.8997
18.7440
13.2422
8.7561
43.9575
21.4879
17.5512
15.0237
8.7427
25.4283
23.1158
15.3261
10.8976
8.1417
23.4262
22.2987
17.2487
14.7388
12.4340
14.5129
12.7949
12.2230
10.8479
9.8713
91.3827
45.4739
46.1892
41.6428
33.8417
25.0720
18.3921
16.2761
11.3239
9.9733
163.8998
163.8998
163.8998
163.8998
163.8998
37.2171
32.7094
28.2027
24.2364
20.5047
36.9980
29.3673
21.9244
16.2244
10.8437
30.2729
25.8190
21.6908
18.1176
13.3548
42.0071
37.0096
29.1662
23.2222
15.7474
40.1053
29.3314
19.1385
17.5258
12.0890
29.9997
23.2335
17.7099
12.8595
8.6929
44.2541
39.5293
34.9138
30.6045
26.7502
47.0113
47.4685
44.2513
39.3949
34.5322
32.9681
29.2683
25.5693
22.2328
18.8693
41.2105
40.9488
41.1802
40.5735
35.1474
42.8761
43.0279
38.8689
31.3146
23.9482
41.8419
33.4307
28.7582
25.1302
21.5440
42.6228
35.9707
31.6561
26.3786
21.5922
35.0050
27.8447
21.0431
15.8311
12.2243
39.6737
34.8270
28.6629
22.0494
15.1639
41.9222
39.7204
30.8237
22.8987
18.2625
38.8220
40.3397
37.5860
30.3891
19.2697
35.9648
28.9905
23.3208
21.5021
13.8234
40.8075
23.8067
30.9414
21.7198
13.7828
30.7002
22.9463
18.1603
16.7308
13.6400
16.9810
17.4398
18.6685
18.5031
19.2895
62.9380
46.3781
40.7708
27.2917
38.9102
26.8058
22.3600
18.2673
16.9728
12.1535
83.3816
83.3816
83.3816
83.3816
82.7583
44.0360
38.9364
34.3422
30.0626
26.1510
40.3668
40.5473
35.7448
28.3643
22.3967
38.2351
32.7214
27.8924
23.5889
19.1928
46.8470
42.8890
35.9007
28.7119
24.4343
45.5846
39.5032
35.0282
32.4352
29.5116
41.2897
34.7422
28.4866
22.8468
17.5782
37.8258
33.1499
29.0250
24.9465
21.2613
45.6604
42.7356
37.7559
33.2044
28.8631
27.3401
23.7257
20.2036
16.8863
13.6080
37.9723
37.7663
38.1358
35.0389
29.1216
40.9798
39.0680
32.6994
25.6855
19.1848
37.1920
32.1490
28.2496
24.4331
20.5711
35.2726
29.8841
24.6125
19.2391
15.8165
36.8554
29.2697
21.9368
15.7756
11.1000
36.0935
31.6159
26.0644
20.3393
13.3481
41.4905
37.5208
28.7445
20.6888
16.0078
40.4311
33.0571
21.4261
14.5787
9.6419
28.6627
25.1441
19.0731
15.6736
10.9079
27.6893
19.3647
15.1250
14.1730
16.3322
24.3610
22.6119
17.1546
15.2457
13.0473
13.1373
13.2843
14.1822
16.6125
14.6797
104.0365
48.3228
44.0607
37.6360
42.9503
24.1124
17.8279
15.4407
11.0964
8.9886
175.8699
175.8699
175.8699
175.8699
175.8696
37.3244
32.7237
28.6740
24.6500
20.9206
37.8070
30.8718
23.8244
17.7062
12.3032
31.1721
26.7338
22.7052
19.3393
13.3213
42.9692
38.5236
32.2129
21.6717
19.8383
39.6219
32.1090
23.9135
18.9356
12.6852
31.3829
24.7998
18.9824
13.9876
9.6433
36.9268
32.5501
28.3784
24.6266
20.9350
45.5562
41.4312
36.6840
32.4679
28.2423
27.1116
23.5015
20.0847
16.7203
13.6102
40.9217
41.3383
40.2842
34.9472
29.2950
42.1554
39.2322
32.1598
25.2068
18.8081
37.6906
30.3533
26.8304
22.6582
19.0800
33.4196
28.8586
23.8884
18.5729
14.8567
37.5210
30.1058
23.1024
17.4058
13.2657
34.2043
30.2777
24.7563
19.1099
13.2573
42.0776
36.1496
27.6586
20.1636
15.6374
38.9199
28.4482
19.6488
13.7589
9.5006
44.3487
25.0502
18.8112
13.4605
9.7280
36.3784
20.4962
17.2084
11.2985
13.2182
24.5181
21.1823
17.1223
14.9275
12.9485
13.2496
12.1362
11.7642
10.3766
10.4144
106.4235
39.4309
45.4854
25.2901
34.7101
24.5774
19.1341
16.0776
12.9427
9.6499
186.4018
186.4018
186.4018
186.0090
186.1444
36.1614
31.9388
27.9312
24.1336
20.5480
36.9089
29.4012
22.6670
16.9951
11.7077
30.1420
25.8334
22.1682
18.7606
13.7695
41.6003
34.6032
29.5407
27.7358
21.2077
41.0226
31.2946
20.0143
14.4011
10.8147
30.6675
24.3832
18.3546
13.3286
9.1730
38.3731
33.8791
29.7430
26.0580
22.5155
46.8515
43.0482
38.3884
33.9952
29.7223
28.6256
25.0293
21.7256
18.3373
15.1866
40.2288
39.6992
39.0867
36.7596
31.6691
43.1455
40.4014
33.3565
26.5098
19.4518
30.7910
27.1683
23.3244
19.9031
16.4586
37.3859
30.5766
26.9508
21.6570
16.6259
35.4314
28.5268
21.8737
16.8039
13.3521
34.0643
30.0526
24.6763
19.0854
13.3227
41.3866
35.7111
27.2121
20.1455
15.8530
39.6940
38.4465
30.0630
18.0743
12.3604
29.6879
22.8872
20.0334
16.1948
12.7422
23.1850
22.4086
15.6964
13.9077
11.7949
26.6489
20.7835
17.3426
14.7662
13.3451
14.8822
13.5197
12.5828
11.6010
20.8567
59.1793
465.0110
42.3007
40.6009
25.0893
26.6620
20.0064
18.0507
13.5158
11.9584
86.9756
86.9756
86.9756
86.9756
86.9676
37.8326
33.3714
29.2450
25.4843
21.9065
40.0150
35.4013
29.1225
22.3490
15.8364
32.4772
27.9183
23.5340
19.7342
15.6504
43.8608
37.4678
29.8451
25.0696
19.5683
42.2490
34.8895
30.5009
23.4523
15.8129
35.3415
28.9751
22.7314
17.0277
11.9985
35.6636
31.5791
27.5824
23.9608
20.6067
43.7838
39.8199
35.4484
31.3967
27.5034
26.7939
23.3273
19.9796
16.6264
13.5211
41.4345
39.8036
36.7351
32.1285
27.2927
41.1079
37.4782
30.7545
24.4010
18.5581
34.2144
28.0111
24.1338
21.2661
17.8152
31.3011
27.5490
22.3214
20.6038
16.2824
35.8497
28.8833
22.2476
16.9183
12.9369
31.9862
28.7574
24.5352
20.2451
14.4999
40.0297
34.4643
27.2506
20.6854
16.7380
36.6034
26.4445
18.5058
13.7202
10.2993
43.5094
44.4073
18.9726
14.0052
13.5569
22.0096
24.3781
18.0422
12.9495
25.4210
24.7866
23.8285
18.9172
17.5432
15.0530
12.8344
13.2416
13.5426
14.2710
19.5068
123.9838
36.3154
63.6815
22.6205
49.8764
23.2271
17.9031
14.6181
11.3523
8.3437
213.4980
213.4980
213.4980
213.4980
213.4980
34.9367
30.8470
27.0904
23.4950
20.0819
35.7961
28.5545
22.2531
16.5068
11.7103
29.1774
25.2720
21.9897
18.8373
13.4101
39.0008
34.9977
29.4975
24.0759
19.8504
39.0601
29.7812
21.6812
17.2172
12.7400
28.8520
23.5803
18.1337
13.2892
9.5839
41.5302
36.7363
32.2258
28.3126
24.5663
52.2693
47.1572
41.2234
36.3454
31.9913
30.8620
27.2762
23.7134
20.4573
17.1470
43.3936
43.1015
42.9939
38.9120
33.3841
47.4339
45.1796
36.1984
28.7263
21.7934
38.5533
33.9093
29.2207
25.8887
21.9195
39.7807
34.3069
29.9407
25.6066
20.0745
33.0549
26.3376
20.1741
15.7429
13.0196
35.5713
30.1227
23.7132
18.2040
13.4898
42.8615
35.8407
26.4711
19.2871
15.7195
37.6810
36.7867
36.5411
30.6521
17.7276
33.7215
26.3209
18.6248
20.0947
15.7706
41.1852
40.1079
22.0428
22.0689
14.8297
28.4855
20.3842
16.1813
14.9165
12.9278
19.1413
18.4268
19.0454
17.2777
19.9174
69.4209
42.4608
41.0267
27.8024
44.1521
28.5984
23.7966
20.3570
17.0335
14.6477
101.1474
101.1474
101.1474
101.1474
101.1237
40.0726
35.4415
31.2807
27.3438
23.6251
41.6308
41.1482
38.1618
31.3489
24.1868
36.8221
31.3102
26.8277
22.3151
18.1034
45.8424
37.0073
30.1783
25.8839
19.5234
46.6883
39.5747
35.0253
32.3188
25.6754
40.9192
34.4631
28.1650
22.5247
16.5649
39.0835
34.1334
29.9176
25.9505
22.2540
47.1596
44.0712
39.0613
34.1546
29.9684
28.2864
24.7917
21.2148
17.9107
14.7193
38.9836
38.6172
38.8162
36.9251
31.9920
42.3001
40.7341
33.9882
26.7258
19.8810
35.6757
26.3935
23.2235
19.6843
16.2265
36.9862
31.1798
25.3612
21.2568
15.9558
34.9086
27.7431
20.9697
15.4424
11.7384
33.4952
28.9193
23.3058
17.7638
12.1958
40.7859
34.8867
26.0111
18.8181
14.6639
36.5093
38.3313
30.4425
18.5686
12.6464
33.4204
37.5507
46.7662
16.2346
11.4005
22.9559
29.5412
18.8339
17.7307
11.6032
25.5137
20.2623
16.2223
13.6106
11.4182
14.9484
15.2718
15.0923
14.2799
16.7105
79.6600
100000
44.1650
36.8501
32.9634
25.6113
19.1087
16.9291
12.2946
10.9411
125.3564
125.3564
125.3564
125.3564
125.3564
38.0602
33.5490
29.0537
25.2493
21.5311
39.5986
36.8479
29.7846
22.2765
15.6754
33.0111
27.8510
23.2943
19.1695
15.2337
44.3638
38.8953
33.9552
25.4444
21.0899
40.4345
32.2535
26.3976
22.9246
16.0086
35.7950
29.3966
23.0282
17.3099
11.8386
43.3961
39.6137
35.9444
32.3735
28.9240
50.1691
47.2149
43.3950
39.5233
35.6258
35.0610
31.7672
28.2206
25.0017
21.8288
49.1717
48.1433
43.7024
38.4109
33.1929
47.0856
44.6400
38.8423
32.3969
25.3538
35.8487
31.4772
28.3546
25.0916
21.8337
39.5463
35.3382
33.6810
28.1633
22.3752
45.4417
39.4550
32.6792
26.8928
22.4748
41.4723
38.0725
33.2311
27.5244
20.1506
46.6282
42.2599
35.6587
29.0140
24.9152
44.3283
33.1227
26.5831
21.5157
17.7267
32.4381
29.0745
25.8883
22.0788
17.7460
43.3207
30.4368
24.3733
20.4519
16.9308
31.3733
32.8666
27.3349
26.2543
24.6068
21.1098
19.1146
17.8842
16.2645
31.2884
40.8448
39.1666
40.8385
25.8094
30.4940
29.3223
28.9652
21.6866
22.7489
16.8189
50.3219
50.3219
50.3219
50.3219
50.3219
44.0546
40.0485
36.2569
32.4914
29.1409
43.0730
36.9399
30.6071
24.6076
19.5027
37.8150
33.7049
29.6353
25.6104
21.0270
46.7076
43.0485
38.1452
34.1865
28.4433
46.4439
38.7523
29.0922
26.9457
22.8032
38.0359
31.5035
26.0990
21.4199
17.3637
34.5217
30.8610
27.0751
23.5560
20.1164
42.8472
38.7264
34.5564
30.7487
27.0324
26.4391
23.1840
19.7204
16.6193
13.3362
42.5225
40.2826
37.0742
32.7479
28.4142
40.7782
36.6007
29.9244
23.7584
17.8023
34.4214
27.2366
24.6871
21.1854
17.9098
30.0723
26.9996
22.2731
18.0423
15.0747
37.5804
30.8048
24.4024
19.6345
16.4150
32.1169
28.6131
24.4549
20.1098
15.5673
40.1356
34.2273
26.9265
20.5606
16.6686
37.4936
27.5643
18.2309
13.4274
11.0794
29.4232
24.6047
19.3232
14.1636
12.2445
23.4050
20.8866
20.5304
13.2499
19.1456
24.7164
25.5006
21.7207
18.9670
17.5818
16.7991
14.1672
12.8103
10.1709
17.6718
101.9419
43.7075
50.8908
27.4863
49.2192
26.1915
20.3227
17.9702
13.7958
12.2171
185.1788
185.1788
185.1788
184.9363
45.7732
34.1520
30.2795
26.7183
23.3128
19.9221
36.4532
29.8039
22.9061
16.7679
11.3899
29.1146
25.2978
21.9765
19.1859
12.2898
36.9881
32.9237
28.7410
24.0616
17.5328
39.1182
23.4241
16.4067
13.7197
10.4664
28.8485
22.7877
18.0210
13.5414
10.4900
38.4974
34.4632
30.3415
26.7611
23.1617
46.6460
42.8714
38.5098
34.2813
30.3587
29.1844
25.7389
22.2702
19.1285
15.8739
42.0425
41.5030
40.6274
36.1304
30.0590
43.2825
40.5022
33.8702
27.1437
20.0655
31.0485
26.7891
22.9682
19.7820
16.5418
36.3591
29.4744
23.4177
19.2902
16.3249
39.2472
32.3760
25.4877
19.9388
16.0062
35.6536
31.7411
26.6679
20.8712
13.9581
43.3806
37.7082
29.4177
22.0612
17.2121
39.5636
30.2238
20.8059
15.4870
11.4423
29.3113
24.3678
18.7556
14.6791
11.6900
24.8087
33.7447
18.7428
13.6949
10.9923
25.6841
22.1973
19.1570
19.0833
15.9752
16.4348
14.2627
12.7486
11.4889
15.5442
52.7015
51.7732
34.8687
43.6996
22.4480
25.7170
19.3155
17.3476
12.4932
11.2450
73.1114
73.1114
73.1025
73.0631
73.0562
37.8234
33.7697
29.9181
26.1752
22.7012
39.2153
32.1214
25.3228
18.8569
13.3712
31.5865
27.3125
23.5067
20.0290
15.9579
41.4786
35.7460
27.8664
23.8564
18.2741
42.7423
35.7619
22.7438
18.1552
13.5530
32.2747
26.4511
20.3866
15.3422
11.4280
41.0520
36.1940
31.8208
27.9957
24.1357
50.2141
46.2203
40.9097
36.1448
31.7569
30.2738
26.7349
23.1547
19.9018
16.6145
42.8423
43.2700
43.7447
37.0498
30.7488
44.9409
43.1843
35.9565
28.5512
20.8042
31.8878
21.8496
19.0415
16.0636
12.8674
38.6383
32.4671
26.4908
23.8111
18.8136
36.7318
29.5229
22.6750
17.4519
14.0007
35.5430
30.7376
24.6907
19.0840
14.0919
43.8468
36.8505
27.9669
20.4536
16.4097
39.7196
40.5350
29.5045
19.2258
13.5150
28.5823
23.4614
21.6180
17.7973
11.5830
25.6807
24.5261
21.7677
17.5930
14.6826
27.4043
21.4679
17.3870
15.7715
13.8422
15.9383
15.3398
14.3363
13.4392
10.8004
58.3041
47.6742
53.1925
31.6045
29.4919
29.4632
23.9096
21.1528
16.5807
15.4494
88.6293
88.6293
88.6293
88.6293
88.6293
40.1281
35.4123
31.0742
27.2919
23.5144
42.2492
38.7424
31.2700
23.9323
16.9952
34.6271
29.3958
24.9168
20.5982
16.1563
46.7246
39.4288
30.5810
24.7339
21.1366
44.6314
36.4339
32.3275
26.3632
19.2958
38.4926
31.4004
24.4966
18.4403
13.3040
42.7587
37.0285
32.1367
27.9017
23.8912
47.5552
47.6628
42.4358
36.9387
32.1585
29.9196
26.1679
22.5982
19.2147
15.9574
38.1664
37.6655
37.5334
37.5714
32.5652
41.9727
41.7620
37.1968
29.0449
21.8169
41.2669
36.2851
31.0389
26.7928
22.5307
38.3862
32.3020
27.1818
22.3588
18.2806
34.9294
27.3638
20.0004
14.2824
10.5870
37.8718
32.9198
27.2020
21.5563
15.0628
42.5146
40.1253
30.2716
22.0446
17.2792
38.9722
39.2361
31.6665
21.5454
13.8057
31.7971
24.3713
23.4287
14.2459
15.3415
33.6975
23.8716
24.7485
18.4792
12.0247
28.3454
23.7513
19.3670
16.7363
14.6885
15.0636
14.3792
13.4105
13.3998
22.2542
88.3483
1464.9640
49.6963
33.3559
37.7537
25.8940
19.8894
17.2424
13.5766
11.0607
135.6709
135.6709
135.6709
135.6709
135.6709
41.6412
36.1369
31.5561
27.2996
23.5675
40.1412
38.5020
29.5743
22.3102
16.4691
34.6645
29.5440
24.8409
21.0287
16.7099
47.0490
38.9024
33.4766
27.9744
18.7891
42.7226
34.7003
30.5898
27.5845
21.2201
35.5811
28.5416
22.9594
18.3773
13.5530
42.8797
38.5420
34.6345
30.7153
27.0486
48.1184
45.2825
41.4119
36.9779
33.1390
33.2037
29.5621
26.0690
22.9248
19.7238
43.4347
43.5470
42.5041
36.7854
31.2419
45.4587
43.9544
37.8561
30.8646
24.1038
36.7864
29.7871
25.8861
22.4444
19.3065
33.1842
29.1514
29.2968
25.1403
18.9163
38.8849
31.8024
24.9560
19.5006
15.4094
40.7124
36.0721
30.0113
22.4973
14.4435
45.4250
42.1118
33.6733
26.0054
21.5141
43.2905
36.5917
25.2457
18.6341
14.1937
30.1785
54.6362
23.3823
19.0692
14.9867
45.4488
25.3869
39.0119
16.4340
13.6542
29.6929
25.8354
21.7514
20.0891
17.6718
15.0910
15.4781
16.7504
18.4324
19.8491
74.7355
28.9344
52.8866
17.8484
29.6481
22.7251
21.5331
14.1763
16.6259
7.8532
95.2845
95.2845
95.2845
95.2845
95.2845
41.5896
37.5768
33.6002
29.6648
26.1699
42.5776
35.6896
29.0900
22.6788
17.0520
35.6829
30.8119
26.5947
22.1257
18.1494
45.0550
40.3283
35.4280
32.7149
26.9681
44.5164
37.2962
29.1811
23.6265
17.8500
36.9931
29.7979
23.5873
18.4806
14.1308
38.4532
33.6860
29.5205
25.4550
21.6870
46.9857
43.6794
38.3008
33.6152
29.3266
27.9830
24.3116
20.9547
17.5567
14.1776
39.2177
38.9778
38.1959
36.1233
31.3959
42.9393
40.9695
33.3683
26.0565
19.3273
36.3172
32.5412
28.3864
24.1780
20.5181
36.3905
29.9797
27.2648
21.6863
18.6716
34.0240
27.0145
20.3268
15.1488
11.5575
35.5327
30.7347
24.2865
17.9202
12.3035
41.2658
36.0339
26.8418
19.3927
14.9380
38.8787
37.9655
30.4904
17.7444
11.2776
22.0283
25.6516
20.0669
16.3776
9.1348
31.6190
22.8393
19.3783
13.8493
12.4821
26.1512
20.8473
16.2371
13.8886
11.1753
13.6800
13.5201
14.7573
16.7522
21.3853
97.0812
38.5314
50.3079
24.8766
36.2781
25.7137
20.7969
17.1044
14.0213
10.8135
166.4092
166.4092
166.4092
166.4092
165.8492
37.9994
33.3272
29.1229
25.1933
21.5612
39.4790
37.2498
30.1765
22.3988
15.5540
32.8901
28.1009
23.5397
19.3779
15.4189
42.4403
36.1800
30.6993
26.2189
20.9023
42.8491
35.0462
28.0045
23.3020
14.5800
36.0674
28.7582
22.0083
16.2732
11.1026
38.1778
33.7252
29.6857
25.9869
22.4325
47.9874
42.7698
37.8984
33.6851
29.7022
28.6185
25.1177
21.7466
18.4533
15.2930
43.7984
42.6948
40.6884
35.3191
30.3097
45.2293
40.7654
33.2279
26.4504
20.0520
35.5331
29.1279
24.8295
21.7656
18.6635
36.3541
30.5602
26.5926
22.6912
18.8576
36.6489
29.5918
23.0284
17.9990
14.7158
34.0048
29.6164
24.4821
20.1488
15.3346
42.4536
35.4301
27.3391
20.6780
17.1390
41.2280
36.8913
25.0444
17.3166
12.4685
55.2657
24.5406
21.1253
16.9613
11.8696
26.4278
25.7440
19.3004
15.9090
14.1600
26.2125
23.7023
20.3113
17.2983
15.3944
16.0664
15.7812
15.2240
15.5924
17.8901
83.8626
44.5858
46.0082
28.3374
46.0090
26.7030
21.6080
18.4364
14.6809
12.4757
133.2108
133.2108
133.2108
133.2108
133.2108
37.5694
33.3831
29.4858
25.7809
22.2832
42.4666
36.4865
28.5540
21.3782
15.3624
32.7668
27.9468
23.8858
20.1270
16.5102
42.3533
36.6772
31.6415
26.5784
22.7301
42.5144
34.8156
26.8593
21.0274
14.7952
35.1755
28.1372
21.9747
16.8101
12.2166
39.2596
34.8156
30.6970
27.0052
23.2792
47.4483
43.6846
39.0297
34.7963
30.6106
29.2139
25.6610
22.2736
18.9086
15.7395
41.0804
40.6876
38.7419
34.2280
29.5885
43.6418
41.1675
34.7192
27.8510
21.4256
38.3582
33.6020
29.5215
25.8190
22.1067
34.2701
28.7864
24.2763
20.4935
16.6302
39.5205
32.3443
25.0724
19.0551
15.0488
38.3993
34.4576
29.2301
23.6838
16.1582
45.0147
40.2455
31.7230
23.8812
18.9247
36.8649
27.6609
21.3724
16.2998
12.1484
36.1121
49.0502
19.3654
15.6722
12.6579
37.4969
22.8821
22.1148
14.4221
12.6562
26.4617
25.5674
22.6250
19.1145
17.0320
14.2680
15.1553
14.8683
14.9827
19.7460
88.4454
42.8239
48.7039
27.0132
47.6262
25.7748
19.9363
17.5583
13.4216
11.7106
139.4834
139.4834
139.4834
139.4834
139.4834
38.5002
34.1083
30.0401
26.2253
22.6159
36.9486
29.4119
23.2816
18.3524
13.7043
32.5403
28.8160
25.2547
21.8916
16.8057
45.3804
40.0507
34.8099
30.3883
25.7637
41.5424
32.0201
23.0275
19.7450
15.5100
31.8145
25.2624
19.6175
14.8303
11.9327
37.5247
33.0877
28.9910
25.1167
21.4024
46.7229
42.2819
37.3760
32.9653
28.8376
27.6539
24.0982
20.6766
17.4574
14.1266
42.2092
41.3058
38.5017
33.8911
29.2774
42.6876
39.8384
32.4643
25.5797
18.9805
34.5488
26.2280
22.5081
19.4054
15.6651
34.1312
28.7940
23.8341
19.6778
14.8033
34.4154
27.4190
20.7310
15.8241
12.6330
33.6717
29.2423
23.5972
18.4048
13.3308
41.7390
34.8767
26.3164
19.1361
14.8703
40.0172
36.1260
25.1004
16.3318
10.5774
31.3466
22.3514
20.1868
16.2460
10.0854
21.0393
16.9537
15.3212
13.0068
9.3781
24.9680
21.4599
16.9530
14.8219
12.8997
17.1648
14.0534
12.3607
10.4964
22.5361
87.9981
43.1205
44.7509
28.1932
27.6766
27.3947
22.1759
18.9384
14.6154
13.0730
156.1440
156.1440
156.1440
156.0526
155.5202
36.8142
32.5288
28.4452
24.5789
20.9384
40.1161
33.4451
26.8526
20.0175
14.0631
31.1592
26.5686
22.3595
18.8461
15.1881
43.3984
36.1222
28.8325
20.6968
16.8916
41.3098
33.8160
27.2242
22.5369
13.2938
34.8836
27.4092
21.4038
15.0963
10.4187
42.5626
37.6354
33.2905
29.3680
25.5498
61.7550
46.2113
40.5926
35.9307
31.6163
32.7589
29.1001
25.5720
22.3102
18.9552
49.3821
42.2299
36.7106
31.9687
27.2883
50.1811
44.5675
35.8102
28.5873
21.7433
36.8761
31.3380
27.8813
23.9526
20.5037
32.3391
28.8123
26.2584
22.8516
19.6150
29.4298
22.5408
16.4553
12.1060
9.9032
45.4129
39.2675
31.5891
22.0588
14.6081
37.4423
35.0743
28.6244
22.4703
16.9003
43.6957
42.2179
39.7299
35.5823
29.8747
36.5459
27.9119
23.2883
18.9839
17.4425
30.8021
35.4752
23.7185
33.7721
25.7957
28.3322
20.7871
19.3266
17.7879
15.9461
14.9287
14.0018
13.0932
14.6167
15.6844
50.6264
101.5567
29.7250
28.3644
23.1927
28.5903
25.4070
19.5385
19.0096
12.9972
61.1479
61.1479
61.1479
61.1479
61.1479
42.9007
37.9629
33.5788
29.4738
25.8028
49.0079
42.9982
37.3189
32.1843
26.0172
37.7953
33.2691
34.4196
24.6359
20.6811
47.6833
42.7153
35.1469
30.9604
25.7418
48.0674
43.0913
38.2455
35.1392
32.3624
47.0467
39.8155
31.8403
24.7724
19.1489
