45.0525
42.1512
39.0757
36.0745
33.0003
50.7573
48.0998
45.0912
42.0236
39.0015
36.7966
33.6631
30.7536
27.6708
24.7188
56.4912
53.7999
50.6332
47.2500
42.9235
50.9276
48.1144
43.1991
38.0077
31.4877
45.1936
41.5311
38.3721
34.8936
30.7584
39.5217
34.6918
32.9418
28.2518
23.5034
42.5239
37.1160
31.5073
26.0291
21.1983
42.3749
38.9171
33.8841
28.2638
21.0919
50.8019
45.8817
38.1692
29.5057
24.4012
48.5340
44.7615
39.6678
30.3475
21.3304
42.8795
42.1358
36.4032
34.6177
31.6301
45.7953
36.2860
27.9445
26.3543
31.0491
36.8472
34.4688
28.1193
25.3318
22.2535
22.8865
21.5330
20.6963
19.8716
20.8649
27.1332
22.7015
16.6946
13.1537
10.7700
32.1137
26.0912
24.1461
19.3282
18.1232
100000
100000
100000
100000
100000
44.6832
41.6385
38.7034
35.6730
32.6975
53.3031
49.6202
44.9386
38.4706
30.4150
41.4886
37.7427
33.9029
29.8570
25.4861
43.7986
37.9571
30.8576
28.2084
22.3850
52.3541
47.4143
43.9571
38.3289
25.3903
45.4722
40.7349
35.3400
28.1520
20.6701
42.6555
39.6242
36.5908
33.6028
30.6262
48.4040
45.6255
42.5863
39.4731
36.3291
34.2553
31.3856
28.3292
25.2075
22.4096
52.2807
48.7034
44.5138
39.7773
34.5692
48.4869
45.6107
40.6034
35.0025
27.0860
41.3986
37.4960
33.7614
30.0418
25.8410
34.8692
32.0067
28.9949
27.8306
19.7070
43.9009
38.5950
33.2633
28.0788
23.2999
40.5036
37.5290
33.1752
27.7511
17.8353
48.6566
43.6156
36.1240
28.4288
23.8724
41.7050
34.7431
27.1758
20.6705
16.1151
50.2483
38.7696
22.2713
21.8813
18.7887
36.6050
34.0127
23.6796
24.3129
25.0643
33.9589
35.0381
30.1387
28.0738
25.0963
20.6609
19.7237
19.2368
19.2958
19.1721
24.6823
20.2762
14.2962
10.7423
8.6584
32.6489
27.8196
24.7290
21.8440
18.7088
100000
100000
100000
100000
100000
43.2430
40.0436
36.9032
33.7197
30.5326
47.8967
41.4797
33.9363
26.5807
20.0520
37.8772
34.1383
30.1049
25.2011
18.3748
40.3690
36.6697
32.4305
24.7568
18.2616
43.3377
35.7949
26.6987
20.5035
17.2245
40.8175
34.8145
27.0399
20.2389
15.5145
44.0651
41.2682
38.1939
35.0625
32.0481
49.3838
46.5236
43.6819
40.5980
37.3636
36.0790
33.1648
30.0855
27.1399
24.1477
48.3109
44.7417
41.3403
37.3950
33.1200
49.0826
46.3145
41.3443
35.9651
29.3605
43.7618
40.4087
36.8608
33.1006
28.9000
35.3867
30.6452
27.9708
24.2856
18.9011
44.5336
39.2088
33.9499
28.8708
24.0584
43.0458
40.0885
35.6011
30.1028
20.7799
48.0908
44.7253
38.0493
30.3693
24.3359
42.0805
34.3124
27.9117
21.4973
17.3847
42.4424
39.6775
24.8160
23.4483
17.1838
42.6393
29.9302
35.6941
20.4539
16.2355
32.6233
36.1885
31.2778
28.8974
25.5239
22.6572
21.9838
22.3013
22.1550
21.4204
26.4794
22.1651
16.1022
12.6312
10.2303
30.1638
25.5234
22.1871
18.8771
16.1686
100000
100000
100000
100000
100000
42.3953
39.1520
36.0431
32.9788
29.6598
44.7800
39.0787
32.5695
26.1227
20.2864
38.4760
35.0325
31.7020
27.7955
20.4326
45.4198
41.4667
37.9525
28.5899
24.3490
43.6462
36.9278
28.1588
22.9781
19.4616
41.8604
35.7003
27.8583
20.9538
16.9240
43.7000
40.7646
37.7661
34.8018
31.7265
49.4261
46.6104
43.7098
40.7985
37.5500
35.4986
32.5894
29.3655
26.4165
23.4737
47.7269
44.4415
41.1087
37.0858
32.7820
49.4656
46.6602
41.6833
36.1627
28.8305
43.5820
38.5128
35.4346
31.8084
27.7030
36.4493
31.8359
29.5057
23.7065
19.6282
45.9987
40.7090
35.3191
29.9753
24.9667
41.8497
38.8542
34.8192
29.2029
20.1074
49.6523
44.8070
37.4293
29.6576
24.1156
38.0606
31.2930
25.7773
19.9890
16.3099
40.1815
37.3267
36.8721
22.6080
18.1934
35.0392
27.7841
25.8086
25.7163
18.1124
32.4777
37.8797
31.8194
29.6990
26.6477
24.0564
23.1845
22.4298
22.3976
19.3040
25.9073
21.4501
15.4789
11.9088
9.7189
31.0109
25.2909
23.0693
18.5408
17.0502
100000
100000
100000
100000
100000
43.8900
40.8466
37.9990
34.8476
31.9807
46.3695
38.0725
30.3403
24.0365
18.6042
37.9551
34.0824
30.4813
26.6207
17.6933
41.8152
38.8212
32.9072
28.1741
17.0007
45.3882
33.3427
27.3915
23.4031
17.5561
38.9904
31.6168
25.0128
20.1031
15.8162
43.6916
40.7196
37.7039
34.7313
31.3202
49.2512
46.3341
43.2309
40.2690
36.6139
35.5739
32.7056
29.6977
26.6503
23.6960
50.7520
47.5616
43.7681
39.7072
35.2004
48.9169
45.9679
40.5684
34.0973
26.1375
42.4831
38.6388
35.0298
31.0320
26.4872
39.4891
35.0805
30.8289
25.4965
21.4453
41.8128
36.3219
30.1926
23.7264
18.0327
40.9372
37.5115
32.0235
25.0774
16.2418
48.6867
43.8487
36.5243
28.1961
22.6972
47.4102
43.9515
39.0635
31.6546
23.8050
41.2855
39.0687
35.9535
22.1506
28.3835
39.1851
48.7467
34.9080
22.0171
21.5750
34.3230
29.4977
23.9391
20.5854
17.0100
17.8146
17.8029
17.8295
17.6842
22.3658
25.9677
21.5921
15.7230
12.0835
10.2807
27.8884
23.2934
19.9188
17.3928
13.8865
100000
100000
100000
100000
100000
42.1473
38.9778
35.8932
32.5795
29.0936
49.2999
45.1833
40.7563
35.4779
29.4840
39.9621
35.9424
32.0586
27.6851
22.0243
45.7338
40.7206
35.3016
27.4281
22.5596
47.5007
42.6817
39.8598
37.7077
33.7974
44.0996
39.8306
35.5876
30.4588
23.8631
45.3001
42.3789
39.2246
36.1970
33.0776
49.5277
46.6242
43.5575
40.3636
37.1108
38.6730
35.5811
32.4597
29.6409
26.6611
52.9611
49.9857
46.6434
43.0726
39.8431
48.0562
45.0548
39.9360
34.4605
28.2857
46.1687
41.0844
37.4562
33.8512
29.7435
37.1148
33.1880
34.1506
29.1758
24.9159
42.5232
37.1552
31.8353
26.8131
22.3188
42.6739
39.0581
33.8732
27.9269
20.3086
52.0767
47.2204
40.0980
31.7996
26.5134
49.8720
45.5517
40.2134
31.8356
22.8956
45.0704
40.8323
38.4226
35.2968
26.5951
43.3530
47.0554
34.0594
28.0254
28.4296
37.9032
35.5927
29.0662
26.1370
23.0596
23.0692
22.1661
21.6517
20.9156
20.7052
29.0856
25.0513
18.6307
15.6979
12.6612
29.5385
25.9424
21.4894
20.1076
15.4774
100000
100000
100000
100000
100000
42.1431
39.0617
35.8700
32.6024
29.1807
52.8527
49.2755
44.6011
39.0168
31.5270
41.6034
37.9916
34.1095
29.8819
24.8448
44.5547
39.6250
34.0073
29.6443
25.6869
52.8936
47.8798
42.8855
39.5790
26.1933
47.3468
43.0162
37.8392
31.3664
22.8847
44.8159
41.9204
38.7945
35.7430
32.7634
50.4602
47.6253
44.6827
41.6629
38.5690
36.5239
33.4838
30.4812
27.4244
24.4505
55.2511
52.3960
48.9031
44.2136
38.9955
50.5462
47.7490
42.8652
37.5888
30.8152
44.3218
41.1803
37.8611
34.0436
30.1374
38.0501
33.3894
28.8638
24.5325
21.1014
42.3953
36.9802
31.2511
25.2915
19.8692
42.9755
40.0208
35.2070
29.5933
20.7681
50.5530
45.8632
38.4644
29.8474
24.3287
43.5290
36.4186
29.8948
23.5627
18.1894
52.2403
38.9367
35.7882
30.7704
19.7395
38.5179
32.5285
25.8767
22.6579
19.2422
33.2433
34.6447
28.2496
25.3584
22.6044
22.8781
21.5226
20.8989
20.6636
21.0516
26.8692
22.4301
16.4278
12.8973
10.5586
30.9359
25.1848
22.9554
18.5819
16.9400
100000
100000
100000
100000
100000
44.2874
41.3012
38.3101
35.2234
32.1429
46.6839
40.7152
34.0574
28.1907
22.3645
39.1682
35.4931
31.8847
28.1414
22.1992
44.1207
39.4365
33.7714
28.2598
19.8962
45.9342
39.4211
29.6779
28.5262
22.3559
42.8972
37.6112
30.8144
23.7229
18.1695
45.9605
42.9233
39.9108
36.6508
33.5257
50.9381
47.8019
44.6718
41.5381
38.1692
38.1739
35.1434
32.1748
29.1067
26.1732
49.8532
46.8271
43.4175
39.8625
36.2104
50.5556
47.5344
42.1173
35.9816
28.7376
45.0718
40.5555
36.6104
32.7281
28.6969
41.1279
36.6649
33.8696
29.3202
24.2538
41.3968
35.9829
30.3110
24.5586
19.2660
43.0236
39.8325
34.6640
28.2040
19.7054
50.5376
45.8947
38.7578
30.8634
25.6252
49.4696
44.8235
39.7656
35.9210
26.6705
45.7653
42.0697
37.8457
35.5226
20.5005
43.4267
33.7654
43.7799
33.1203
23.0253
36.5642
31.4014
25.5568
23.3125
19.5341
20.8925
20.5663
21.0167
20.6973
23.2091
28.3956
24.2940
17.9479
14.9791
12.0508
28.6004
24.3735
20.5870
19.0073
14.5770
100000
100000
100000
100000
51.1176
44.1835
40.9409
37.4687
33.8236
29.9217
51.6106
48.1403
43.4805
37.7494
32.0859
42.1824
38.2523
34.3594
30.1691
24.9105
45.0189
39.9906
34.8221
28.5249
22.0909
49.9959
45.1035
42.0093
40.1295
38.0103
47.0716
42.4879
38.0265
32.8452
26.4650
46.6118
43.6699
40.6954
37.6536
34.7073
52.3946
49.4466
46.4594
43.5737
40.5769
38.4207
35.3472
32.3347
29.4393
26.2525
53.4054
50.0948
46.2769
42.0765
37.7469
52.3442
49.5355
44.6578
39.4639
32.8285
46.2364
42.7409
39.5404
35.6439
31.3589
39.3773
35.3695
31.0421
25.5272
23.0114
45.2813
39.8816
34.2551
28.4979
23.1552
45.2892
42.1537
37.5574
32.1471
22.9041
52.2669
47.5966
40.4097
31.9414
26.4524
46.0269
41.2092
33.5014
26.0108
20.6303
45.6439
42.6989
37.6823
34.9442
23.7828
38.5393
34.4169
31.7428
27.6447
27.2847
35.3036
35.9834
29.1003
26.8453
23.8721
22.8436
22.1607
21.6719
21.2911
21.3976
28.7381
24.3204
18.2958
14.7866
12.3443
31.1101
25.2376
23.1643
18.6835
17.1382
100000
100000
100000
100000
103.8474
46.4598
43.3357
40.3530
37.3210
34.2815
50.3411
44.0329
37.5581
31.1600
24.9672
41.5501
38.1176
34.3286
30.7962
22.7845
47.0374
41.5686
37.5664
26.8713
26.0336
47.7026
42.7083
36.9759
32.0439
25.1641
46.4004
40.6508
33.5845
26.1783
20.4211
45.9620
43.0291
40.0612
37.0019
33.8931
51.0951
48.1574
45.1830
42.1203
38.8443
38.1212
35.1452
32.1259
29.0358
26.0121
48.7266
46.1132
42.9111
39.4269
35.6886
50.7152
47.8453
42.8239
37.4452
31.1314
46.8383
41.8290
38.5208
34.8892
30.9678
38.6813
34.6118
30.6662
25.4385
21.7875
46.1430
40.7639
35.2190
29.6000
24.4091
44.0105
40.8840
36.0963
30.3759
22.4355
51.2333
46.7666
39.8118
31.7610
26.1915
45.3168
38.7428
31.3364
25.0063
19.5721
50.9812
42.2277
36.5973
25.7678
21.3532
45.9024
31.5214
31.9317
23.0673
23.3636
35.7301
34.4588
29.2544
25.7470
23.5677
22.7302
21.9970
21.6076
21.5029
20.0921
28.5218
24.1703
18.0715
14.6479
12.1665
31.2275
26.0884
23.3051
20.0706
17.2765
100000
100000
100000
61.1829
49.9853
44.6989
41.7325
38.5914
35.5211
32.4663
48.8541
42.9191
36.4933
30.2793
24.0171
40.6927
36.8580
33.3148
29.5921
22.8875
45.6383
39.0773
34.1629
33.4562
25.5014
49.4860
43.3470
32.2026
26.5199
21.4643
44.7068
39.2628
32.4617
24.8356
19.2142
43.4433
40.5254
37.5475
34.4570
31.1740
49.1927
46.4050
43.3688
40.3545
36.7079
35.1827
32.0876
29.3199
26.2283
23.3345
53.3178
50.7249
47.0387
42.6365
37.6691
49.2083
46.5046
41.0422
33.9201
25.7542
42.4818
38.8329
35.0558
31.0662
26.4309
39.9635
33.2772
29.7481
24.2739
19.3943
41.3805
36.0058
30.5337
25.1186
20.1417
40.9211
37.7489
32.3235
25.3841
16.8284
48.7208
44.3614
36.6365
28.4896
22.6345
44.8891
41.3766
36.1490
26.3066
18.5950
42.9372
25.3500
35.0167
26.7299
22.3718
28.0460
40.8389
22.6875
24.9573
19.6988
34.6660
30.8394
25.0850
21.8167
19.3453
19.9955
19.4857
18.9891
18.4128
26.7601
25.5532
21.1678
15.3628
11.6204
9.8473
28.5641
22.8533
20.5383
16.9946
14.5137
100000
100000
100000
100000
76.7286
43.1205
40.0401
36.8607
33.9344
30.6418
49.9018
45.3891
40.0161
33.4144
26.0814
39.2540
35.5608
31.2126
26.7733
20.6051
44.0975
39.4017
31.3233
26.9544
22.5955
47.0823
42.2366
39.0734
33.8617
24.3965
44.0056
39.0968
33.8417
26.7579
18.4352
47.4834
44.4189
41.3169
38.2792
35.2631
52.6094
49.5991
46.4624
43.2922
40.0511
39.6978
36.6880
33.7690
30.5554
27.7429
53.6659
50.4518
46.5602
42.3170
38.0350
51.5810
48.6243
43.4499
37.9134
31.2571
46.9418
41.9440
38.4411
34.8039
30.4545
38.6416
35.0318
30.0865
28.6104
23.6295
42.8901
37.5621
32.5049
27.9366
23.7006
44.8465
41.7585
36.9907
31.5080
22.5231
53.1469
48.6773
41.3640
33.6203
28.3394
46.4963
39.4570
31.4728
26.0312
21.0179
54.6308
52.3210
39.8889
27.4322
21.0271
39.1333
39.0140
31.6916
26.6629
34.0391
38.1062
37.1537
32.0265
29.7842
26.3848
23.5226
23.2716
23.2565
22.2542
27.0526
30.1080
25.8913
19.6589
16.4286
13.6494
31.6338
26.3788
23.6898
19.7477
17.6855
100000
100000
100000
100000
100000
46.1437
43.0543
39.9282
36.6847
33.3981
51.7001
45.0826
38.1559
31.0881
24.9001
42.1295
38.1467
34.4196
30.2430
21.3456
47.6455
43.6068
39.0697
30.1081
25.2174
51.5191
44.8104
36.2909
30.8369
24.8223
44.7005
39.6534
33.0491
25.8501
20.5738
44.7457
41.7010
38.7453
35.6529
32.7002
49.9496
46.9355
43.7785
40.6707
37.5139
36.8634
33.9572
30.7402
27.8260
24.8001
49.9563
47.4590
44.1515
40.8329
37.0271
49.3997
46.4205
41.3501
35.9310
29.3836
44.5361
41.2291
37.5204
33.6769
29.3875
41.0192
37.2589
35.4645
30.6324
24.3836
41.1767
35.7935
30.3010
24.9637
20.2169
41.5090
37.9502
32.5512
26.7740
19.2047
48.8513
44.3221
37.5691
29.4025
24.0652
49.7106
47.5738
43.2787
36.1755
26.7909
45.9231
40.5603
25.6876
35.5561
31.7689
49.9967
45.4198
31.0421
30.7511
21.7336
36.2554
30.9600
24.2596
21.8294
18.5508
23.6600
22.7397
22.0888
20.5963
22.0333
27.2249
22.9727
16.7774
13.4823
10.8592
29.4816
25.6562
21.6022
19.3584
15.5745
100000
100000
100000
100000
76.5590
42.4755
39.2963
36.2442
32.8504
29.4696
51.9805
48.9243
45.3115
41.1602
36.1948
41.9863
38.2156
34.5319
30.4750
25.8472
44.8058
39.9841
33.9847
29.2543
21.9989
53.7396
49.1374
46.1479
44.1920
39.0594
46.1190
42.1749
37.4624
32.7257
26.8149
45.2298
42.2571
39.2519
36.1049
33.0666
50.8772
48.0165
45.0753
42.1170
38.9821
36.8068
33.9218
30.8018
27.9646
24.8470
54.4521
51.7024
48.1198
44.0366
39.4258
50.9327
48.0665
43.1253
37.6604
30.3798
44.9226
39.7187
36.7435
33.1401
28.9159
41.5918
37.1099
31.4808
27.0785
22.0381
44.3566
38.9452
33.1216
27.1600
21.8484
42.1672
38.8761
33.8867
28.1510
20.0737
50.5181
45.6585
38.0724
29.7114
24.3036
48.9283
44.5413
38.2354
29.7092
22.3647
47.0159
46.2400
46.3820
33.7953
23.3878
32.2484
43.2110
26.5638
25.5654
21.7163
35.1551
32.3445
26.3984
22.9523
20.2141
22.6840
22.5837
22.4502
22.2376
26.4384
27.2477
22.8251
16.8227
13.3141
11.0177
29.7099
23.9923
21.7600
17.6957
15.7429
100000
100000
100000
100000
100000
44.5108
41.5697
38.2233
35.2418
31.9519
52.4128
48.0631
42.5826
35.7583
28.3349
41.4763
37.3873
33.5131
29.4679
24.4025
47.0667
41.6253
37.7817
29.3593
24.7345
46.6306
41.2957
36.9388
34.3692
26.7219
45.9465
41.1693
35.8562
29.7302
22.1140
42.6645
39.5541
36.4314
33.1269
29.7957
46.6218
43.6923
40.3646
36.9041
33.3404
35.6293
32.8751
29.7490
26.8030
23.7641
44.9910
41.8508
38.3129
34.5473
30.7114
45.4208
42.3212
36.7215
30.5559
23.5007
41.9821
38.0469
34.1363
29.9698
25.4001
33.3684
29.9936
29.7012
24.5457
18.5429
43.0002
37.6598
32.2836
26.9908
21.8766
40.4198
37.0612
31.6307
24.5765
15.7279
48.3671
44.4093
37.7766
29.6890
24.3081
43.0695
34.5999
27.8749
21.5404
16.9239
37.5081
30.0259
33.9018
22.8243
19.4502
46.3806
33.9009
31.4461
21.8323
18.2656
32.5831
35.0392
28.9280
27.1504
23.8966
20.0402
19.1766
18.4014
17.7216
19.0661
26.2027
22.1548
15.9714
12.6344
10.4694
25.5798
25.1011
17.4936
19.2563
11.5225
100000
100000
100000
100000
100000
37.1898
33.8736
30.4412
27.0547
23.8624
46.9724
41.1263
34.6567
27.1925
20.6372
37.4649
33.0940
28.0697
22.6210
16.9114
43.9588
39.5118
33.4512
29.4823
24.1394
45.7140
39.8342
32.0225
27.6608
23.3948
43.0582
36.5872
29.1872
22.0104
16.5753
45.4519
42.4926
39.5113
36.4784
33.3693
50.9750
48.2470
45.1937
42.2684
39.0965
37.4916
34.4297
31.2181
28.3862
25.1866
55.9382
53.6341
50.3704
46.0430
40.8910
50.7820
47.9690
42.9902
37.6788
31.5087
46.1343
41.2109
38.2533
34.5595
30.7543
36.6336
34.1050
29.1569
24.3017
20.7718
44.9524
39.6128
34.4423
29.6315
25.2541
43.2730
39.9741
35.5543
30.6070
22.9633
51.3009
46.6916
39.0617
30.9724
25.7131
44.5631
37.7639
28.9452
21.7264
18.8681
44.1411
42.0447
38.3384
25.4987
25.0850
38.1723
30.7363
33.9057
24.3750
29.1953
35.7519
38.3693
32.5225
29.2867
26.9240
25.4280
23.0212
21.7536
20.6482
25.0836
27.7312
23.3416
17.2756
13.8449
11.2721
31.3935
26.2298
23.4597
19.9371
17.4456
100000
100000
100000
64.0612
48.9944
44.4779
41.5867
38.4397
35.1816
31.7681
50.0994
44.1922
36.8608
29.1458
22.2926
40.1232
36.4359
33.0345
29.6821
18.7624
44.1065
40.8465
35.3836
28.1181
21.9915
50.4415
36.5378
26.4776
22.1381
17.6784
42.7566
37.0941
29.2361
22.0455
17.3894
43.5650
40.6920
37.3300
34.1403
30.4238
49.2240
46.3233
43.2747
39.6920
35.5465
35.3110
32.2919
29.1909
26.3955
23.3475
51.5026
48.6963
44.7163
40.1052
35.2791
49.2279
46.2490
39.8902
32.0669
24.2097
42.3666
38.3617
34.4162
30.3783
25.8519
37.3266
31.8759
25.3334
21.0074
18.6462
43.4911
38.2372
32.5782
26.9572
21.8409
40.9714
37.5805
32.0458
24.6186
15.9874
48.6366
44.2523
36.8896
28.6581
22.7422
42.4931
35.5345
27.4966
21.4066
16.1435
43.0141
38.7514
23.1455
21.9940
19.1902
44.2574
40.8337
24.9877
19.0351
23.5491
32.9196
31.8156
26.0979
24.3142
20.2912
21.3145
19.8221
19.0749
18.2435
22.7819
25.5612
21.1060
15.5950
11.5690
10.1699
27.2271
21.6046
19.2655
15.6694
13.2257
100000
100000
71.6668
57.0217
55.6266
42.9493
40.1585
37.3144
34.0821
31.2959
47.1093
40.9228
34.4562
27.2647
20.7051
37.5889
33.5528
28.9822
24.1883
18.3069
39.4066
35.5249
29.6762
25.5351
18.6193
47.4416
42.6995
31.0773
25.6658
18.7304
40.2652
35.6672
29.3388
21.5986
15.7383
42.6263
39.7030
36.4354
33.6654
30.4298
47.7682
44.9815
42.0100
38.9942
35.5533
34.4695
31.5198
28.2827
25.4080
22.4239
46.3398
43.3258
40.1415
36.8026
33.1249
47.8075
44.9268
39.8413
33.8663
26.0376
41.7003
36.0686
32.7142
29.0036
24.5924
37.7114
32.0634
27.2667
24.3467
19.4597
43.3756
37.9240
31.8817
25.5730
20.0373
39.6504
36.2521
30.9446
24.6421
15.9610
46.5612
41.8170
35.0857
27.3001
22.1190
45.1092
41.1082
34.4184
26.2112
18.4502
40.6472
27.6604
35.3913
31.6663
17.2798
29.6043
33.9107
38.0074
25.8878
20.1900
33.5552
30.1915
23.8979
21.2276
17.8947
18.4782
18.1394
18.2760
17.6512
18.4768
24.8075
20.4359
14.4513
10.9072
8.7935
29.0382
24.6637
20.9982
18.3236
14.9931
100000
100000
100000
100000
100000
40.5790
37.4149
34.3695
31.2653
27.9027
47.6900
43.2057
38.3331
32.4746
25.7530
38.5124
34.6595
30.4813
25.9455
19.7904
43.4983
37.7639
30.9783
23.8095
20.7444
45.1070
40.1909
37.4042
33.2845
27.7025
42.5598
38.2904
32.9968
26.5494
18.7308
46.5530
43.5809
40.5708
37.5793
34.4326
52.1302
49.2831
46.4823
43.2717
40.0956
38.2664
35.2387
32.1441
29.2405
26.2737
55.9362
51.3585
46.9311
43.1277
37.0161
52.2605
49.3888
44.3100
38.6188
31.3994
46.0407
42.7145
38.9491
35.3634
30.8755
40.9058
35.9785
31.7100
26.5109
22.7665
43.0324
37.5935
31.8403
26.0838
20.9945
44.0367
40.9390
36.2731
30.6164
22.1475
52.1935
47.3468
39.7501
31.5437
25.8772
47.4844
42.6456
37.9032
30.3180
23.0320
46.2007
41.2263
39.6000
23.9375
32.7192
45.8878
39.1432
34.3074
29.0070
21.8457
36.3462
33.1109
28.3510
25.9107
23.2777
22.9852
22.2104
21.7598
21.2433
22.5241
28.5842
24.2378
18.1471
14.8288
12.2067
30.3458
25.0992
22.3839
19.1006
16.3668
100000
100000
100000
100000
100000
45.8973
42.8516
39.7584
36.4134
32.8424
52.3446
47.1595
40.7299
33.8997
27.4295
41.8745
38.0766
34.1046
30.2552
24.5681
46.1122
40.1990
35.7917
30.6973
23.6466
49.0977
44.2061
41.3167
39.1274
34.2300
45.9349
40.5647
35.0238
29.0207
23.2034
43.2653
40.2021
37.1443
33.9542
30.8251
45.5523
42.4205
39.1208
35.8222
32.4978
40.2218
37.1864
34.0744
31.0836
28.1374
52.5551
49.1301
45.3133
41.2184
36.9647
43.9486
40.8787
35.6843
30.2856
24.5036
45.6950
40.3283
36.5027
32.4031
27.9574
32.8665
29.4259
33.9535
30.6147
21.3055
44.0167
38.6500
33.3728
28.4146
23.7401
40.8766
37.4318
31.9399
25.4307
18.1590
53.7149
50.1397
43.4672
36.0864
30.9833
48.2443
43.6690
35.0398
29.0833
22.7258
46.8660
53.9233
40.5024
29.5119
25.1760
45.8716
36.4339
41.4506
31.8347
23.5682
38.7545
36.8041
30.8884
28.6840
25.9298
22.3273
22.1335
22.3445
22.4063
22.7477
31.1557
29.4429
20.7776
20.1557
14.9468
28.2658
25.3871
20.1776
20.1461
14.1571
100000
100000
100000
100000
100000
39.6082
36.3869
33.1815
29.9370
26.5856
51.6674
46.9421
41.2927
34.5666
27.7774
38.2263
34.0089
29.8246
25.5603
21.5894
43.8805
42.0528
37.3665
35.2976
28.4326
50.8300
45.8696
40.3787
35.3853
28.0912
49.1609
44.3488
37.7785
29.6910
23.0627
45.3117
42.3326
39.2564
36.3178
33.3358
50.4671
47.7061
44.5770
41.5157
38.2499
37.5279
34.5689
31.5044
28.5169
25.3399
53.0635
50.0804
46.7946
43.0242
39.0308
49.7519
46.8214
41.7769
36.4944
30.3024
45.7761
42.3844
39.0710
35.1184
31.1081
38.8315
33.0925
31.4701
26.3335
24.3661
43.2532
37.8631
32.2875
26.7372
21.7297
43.2616
39.8348
34.8903
29.0085
21.2683
50.9861
46.3228
39.2254
30.8850
25.3289
47.4775
43.6612
37.9170
29.1364
21.3634
32.1175
42.6076
38.1210
34.9148
19.2259
42.2442
30.3321
32.5828
24.0916
28.1408
36.6345
33.3184
27.3865
23.5597
20.3176
21.7401
21.2104
21.1168
20.4534
23.0100
27.9331
23.6157
17.4792
14.1012
11.5533
30.9772
26.5149
23.0843
20.0950
17.0655
100000
100000
100000
100000
59.3605
43.6606
40.5607
37.5475
34.4165
31.2929
51.5144
47.6195
42.7366
36.6390
29.2631
41.4474
37.8826
34.0394
30.2254
25.2001
44.2614
39.6590
36.1640
31.9531
28.4720
49.6331
44.7327
39.9252
36.4400
26.6836
47.5990
43.0442
37.1337
29.7051
21.4754
45.2671
42.3705
39.3150
36.2625
33.1209
50.4050
47.5602
44.5832
41.4437
38.4691
37.2191
34.1029
31.2302
28.1702
25.1525
52.3193
49.5824
46.1763
42.5265
38.6086
50.4531
47.5390
42.4582
36.9615
30.5291
45.2310
40.6421
37.2516
33.7333
29.6663
39.3733
33.9799
31.3861
26.7476
23.4656
43.3335
37.9732
32.6949
27.6346
23.0032
42.7353
39.3397
34.5878
29.2774
21.4476
48.9495
45.2345
38.6329
30.4396
25.5300
47.2897
42.2147
35.0989
26.5362
19.6700
52.8221
38.9116
38.6499
34.8817
21.7716
47.4812
36.9546
32.3282
27.8207
22.0341
36.1903
34.3146
29.8643
25.8258
23.6618
22.6897
22.0376
21.3247
21.6706
24.0028
27.5851
23.3285
17.1345
13.8206
11.1433
30.1082
25.5779
22.1229
19.0144
16.0983
100000
100000
100000
100000
100000
44.1541
40.9881
37.8503
34.4117
31.0463
51.3326
47.1586
41.2179
34.2498
26.7287
41.3033
37.3687
33.5076
29.3614
23.9839
44.5694
40.3194
35.9283
31.0062
25.5129
49.3845
44.3394
38.5266
33.0031
23.8408
45.5705
40.6910
34.2034
26.7847
19.5961
45.7965
42.8083
39.7414
36.7829
33.6437
50.7789
47.9463
44.8324
41.8553
38.6005
37.7591
34.8401
31.8090
28.7985
25.7250
52.1411
48.2377
44.1089
39.7365
35.5052
50.7436
47.8140
42.7454
37.3003
30.6811
45.6618
42.1557
38.7736
34.8034
30.6187
37.6149
32.8615
28.4865
24.7988
21.3243
44.9790
39.6296
34.3191
29.1852
24.4893
44.4265
41.1223
36.5163
30.9212
22.0739
51.1737
46.9585
39.9405
31.8769
26.2364
43.0559
36.0271
29.8538
25.1651
20.1540
44.7637
48.6181
30.9096
26.0177
23.4296
41.4608
39.6697
30.2047
23.9918
26.1867
37.0624
35.9639
32.3077
28.8801
26.2897
21.3354
20.8987
20.5050
20.1798
22.0597
28.1818
23.8428
17.7327
14.4026
11.7510
29.9699
24.9631
22.0109
18.7866
15.9902
100000
100000
100000
100000
100000
44.4499
41.2105
38.0110
34.6304
31.1083
46.4327
39.3730
33.2208
27.8069
22.8500
39.7907
36.5015
32.9453
29.0335
22.3502
45.8720
40.8865
35.7041
31.9788
27.1270
45.9046
39.8606
34.3653
29.5874
25.2450
43.0824
37.8399
31.8631
25.0196
20.0793
44.3245
41.3445
38.2886
35.3229
32.1596
49.4555
46.6437
43.6836
40.5920
37.6843
36.2500
33.3122
30.2408
27.2916
24.1323
46.3119
43.2252
39.7806
36.1974
32.6638
49.2803
46.4082
41.4776
36.3316
30.3477
44.9424
39.8530
36.6760
33.0271
28.9908
37.7299
33.1645
29.0711
24.7518
19.9173
43.3774
38.0158
32.5333
27.0567
21.9939
41.9733
38.7315
33.7082
28.3519
20.7476
46.6665
42.9269
36.8808
29.3904
24.0862
44.9516
41.0038
35.1382
26.2152
18.8852
38.3151
39.5867
37.5034
33.8034
19.8379
37.4492
25.9131
23.9892
23.4617
25.7425
35.5154
32.9633
27.3826
24.0931
21.0176
24.6168
22.1708
20.8580
19.6715
24.0351
26.6343
22.2779
16.1713
12.7488
10.1608
31.3045
26.9754
23.4195
20.0301
17.3934
100000
100000
100000
72.7889
57.1785
42.6073
39.7605
36.6802
33.5504
30.2361
47.7576
43.0579
38.3236
32.4694
25.9395
39.7301
35.9830
32.1167
28.4218
23.8579
45.2157
40.2466
33.4039
27.4322
21.5319
49.4290
44.3868
39.6514
36.0525
23.7200
43.4950
38.8796
34.0147
27.0684
18.5842
43.7615
40.7762
37.7158
34.7097
31.6314
46.2365
43.4739
40.4074
37.4443
34.2962
37.6702
34.7671
31.6801
28.8262
25.7938
43.5500
40.4388
37.3859
34.1971
30.9428
45.8733
42.9937
37.8905
32.4473
26.4627
43.5544
40.2551
36.8671
32.9918
28.7409
33.3140
30.2018
27.4373
23.9039
20.8045
40.1489
34.6838
28.8858
23.2052
18.0471
42.5252
39.0937
33.5939
27.1525
19.3261
34.1009
33.4282
30.2640
28.3192
22.6836
44.5900
43.0480
39.1746
37.3260
31.5960
34.7665
33.8497
32.9210
31.6502
29.5880
38.8510
42.8046
33.9388
36.8648
30.6529
35.7344
29.6285
27.4810
25.8646
24.0617
20.2442
20.3409
19.6749
20.1646
22.6193
28.8310
23.8732
18.5329
14.4405
12.7308
28.9191
26.0982
20.9108
20.3558
14.9131
100000
100000
100000
100000
100000
42.8585
39.8316
36.6362
33.2219
29.8449
44.0352
40.8129
38.2895
36.1795
33.6870
39.2044
36.1112
36.6225
28.8416
25.0663
45.4528
42.9538
35.5345
31.7505
26.6707
53.6559
49.6585
46.4336
44.3618
42.4454
46.5516
44.2711
40.8187
36.0323
28.8401
