0.13013
0.16008
0.15186
0.11046
0.10229
0.16896
0.17001
0.16795
0.10358
0.13695
0.12832
0.13594
0.10719
0.09477
0.09537
0.13694
0.15946
0.17368
0.16398
0.13138
0.15934
0.17036
0.13249
0.09744
0.09744
0.11467
0.16566
0.10571
0.08448
0.11072
0.15404
0.13249
0.11111
0.11188
0.11666
0.13151
0.13314
0.11856
0.09035
0.10956
0.18162
0.15466
0.12313
0.10701
0.11205
0.15519
0.16192
0.15404
0.10902
0.15934
0.16349
0.14329
0.12922
0.10847
0.11839
0.15734
0.16732
0.13315
0.13889
0.11806
0.13565
0.09365
0.09305
0.11453
0.09955
0.12922
0.14777
0.12908
0.13290
0.12640
0.12729
0.12445
0.15659
0.13249
0.15185
0.14604
0.21263
0.12897
0.14952
0.11666
0.16755
0.22402
0.11705
0.25182
0.11055
0.14976
0.15271
0.12832
0.13881
0.14367
0.17098
0.10748
0.14493
0.12721
0.11072
0.14648
0.13889
0.12099
0.09919
0.12423
0.16601
0.10101
0.12119
0.13964
0.11432
0.13290
0.14218
0.10985
0.10477
0.10259
0.13138
0.14314
0.13095
0.12310
0.12361
0.16601
0.15404
0.14696
0.10382
0.11839
0.12995
0.13366
0.11858
0.09477
0.11135
0.16641
0.15263
0.12897
0.10719
0.11966
0.11285
0.13535
0.09755
0.08320
0.09653
0.15424
0.13521
0.14065
0.11671
0.12501
0.14861
0.12284
0.11806
0.12297
0.08217
0.12696
0.10838
0.11241
0.08448
0.08360
0.11691
0.13249
0.10238
0.10401
0.10799
0.14190
0.11453
0.08420
0.10477
0.09735
0.15649
0.14212
0.12721
0.10956
0.08217
0.18331
0.13314
0.14065
0.11453
0.08639
0.16375
0.10259
0.09735
0.08864
0.10838
0.13506
0.12985
0.09653
0.11501
0.09112
0.08320
0.10393
0.09843
0.09192
0.08125
0.15897
0.14989
0.13863
0.12631
0.15822
0.09214
0.11688
0.10758
0.10477
0.10537
0.16637
0.14367
0.20602
0.16270
0.14065
0.12028
0.17506
0.12969
0.16206
0.10668
0.14426
0.18114
0.15901
0.14989
0.11671
0.13095
0.11170
0.15466
0.09711
0.08886
0.15734
0.16406
0.13506
0.09035
0.10259
0.17300
0.12599
0.12256
0.07465
0.08005
0.15107
0.15002
0.08448
0.09477
0.08881
0.15768
0.11839
0.09973
0.08975
0.11988
0.18081
0.11369
0.09623
0.10227
0.12552
0.09905
0.08145
0.10595
0.09843
0.10833
0.12814
0.09559
0.10458
0.10000
0.12145
0.11484
0.10500
0.10338
0.07206
0.09697
0.14329
0.10707
0.12984
0.11068
0.09929
0.15000
0.12577
0.10124
0.09699
0.08100
0.11683
0.12997
0.10488
0.09843
0.11726
0.11169
0.10488
0.09272
0.09279
0.07790
0.11930
0.11068
0.08100
0.12119
0.09321
0.13486
0.12932
0.13687
0.11304
0.08100
0.15087
0.13241
0.11999
0.09487
0.08004
0.11423
0.10500
0.08534
0.06145
0.09487
0.14827
0.10774
0.10867
0.08515
0.07746
0.10987
0.07681
0.09610
0.07406
0.08009
0.12761
0.17678
0.15227
0.13972
0.11726
0.12241
0.15391
0.14356
0.15363
0.14586
0.12494
0.18023
0.15607
0.15161
0.15164
0.13543
0.16489
0.12349
0.19965
0.13164
0.13790
0.12535
0.12971
0.14044
0.13040
0.10174
0.11743
0.10724
0.10971
0.09699
0.12075
0.11942
0.09507
0.09506
0.10540
0.09440
0.10754
0.10754
0.08004
0.07746
0.10564
0.12814
0.10548
0.09236
0.10774
0.16196
0.12318
0.09220
0.07696
0.08282
0.10074
0.12124
0.11117
0.08200
0.08009
0.12051
0.10774
0.09155
0.09142
0.08909
0.11719
0.09956
0.10020
0.11899
0.07788
0.08802
0.08608
0.08515
0.07816
0.07133
0.10117
0.13370
0.10926
0.10774
0.11288
0.12366
0.11338
0.07406
0.07706
0.09284
0.08577
0.12929
0.10680
0.12541
0.07866
0.09214
0.10833
0.10234
0.09265
0.08878
0.14478
0.11118
0.12118
0.07655
0.11984
0.12118
0.10473
0.10320
0.07327
0.07906
0.15206
0.13575
0.09155
0.08947
0.09664
0.12349
0.10648
0.08998
0.00000
0.09644
0.10577
0.10001
0.10855
0.08116
0.07406
0.09913
0.05777
0.10001
0.07788
0.09495
0.12774
0.17516
0.10648
0.11693
0.10841
0.11641
0.11693
0.14385
0.08982
0.08844
0.12727
0.18694
0.17757
0.15526
0.14294
0.14677
0.15673
0.11703
0.21701
0.08936
0.12895
0.09439
0.11501
0.12958
0.11641
0.13129
0.11577
0.10801
0.07816
0.10603
0.13554
0.09005
0.09059
0.08386
0.09110
0.09485
0.07732
0.08410
0.06464
0.00000
0.10625
0.15259
0.10724
0.09252
0.11071
0.13175
0.11693
0.11014
0.09726
0.10234
0.10755
0.09994
0.07694
0.07384
0.09741
0.13223
0.13229
0.09956
0.08844
0.12460
0.14997
0.16339
0.15964
0.14555
0.09399
0.12816
0.13850
0.10833
0.08719
0.11558
0.16812
0.16105
0.14529
0.16682
0.11619
0.14003
0.18536
0.11292
0.09005
0.07593
0.15284
0.14223
0.12748
0.11666
0.11393
0.15806
0.13808
0.13493
0.11999
0.13162
0.14053
0.10468
0.12725
0.10064
0.14031
0.14953
0.12190
0.14743
0.13229
0.14119
0.16907
0.09272
0.16268
0.11465
0.15501
0.14545
0.17607
0.14142
0.11657
0.12119
0.16699
0.16003
0.13942
0.14663
0.13687
0.11997
0.14958
0.09992
0.10625
0.10842
0.14792
0.15843
0.16134
0.19522
0.15971
0.16183
0.14491
0.16339
0.17248
0.15186
0.16413
0.14979
0.18244
0.20349
0.17589
0.15890
0.20668
0.13914
0.23910
0.14663
0.15202
0.13164
0.15264
0.13972
0.22514
0.16158
0.17662
0.11450
0.11484
0.11827
0.18395
0.17939
0.15613
0.12241
0.09559
0.11619
0.11931
0.11312
0.10338
0.09992
0.15806
0.14895
0.13261
0.11619
0.12390
0.16188
0.12692
0.16089
0.16098
0.17605
0.14572
0.17547
0.16279
0.13776
0.12378
0.17684
0.15957
0.14548
0.11967
0.11966
0.20410
0.17572
0.16033
0.11453
0.13765
0.12653
0.10647
0.12099
0.10073
0.08333
0.17786
0.17635
0.17489
0.18081
0.15897
0.15469
0.12501
0.15519
0.09464
0.11432
0.15849
0.16329
0.13095
0.12099
0.09320
0.17538
0.11264
0.14534
0.10799
0.11967
0.13151
0.12653
0.08448
0.09256
0.08500
0.17070
0.16732
0.13330
0.10393
0.08983
0.15532
0.12179
0.13574
0.13521
0.09711
0.13015
0.15123
0.12108
0.11064
0.11081
0.16737
0.15404
0.14411
0.12832
0.15532
0.14830
0.12445
0.09464
0.12922
0.10014
0.14569
0.16216
0.16206
0.16197
0.15123
0.19621
0.16684
0.18582
0.17706
0.18634
0.18545
0.15404
0.14894
0.20765
0.17635
0.15438
0.16826
0.14134
0.29978
0.14480
0.11986
0.17635
0.12897
0.16506
0.17572
0.14164
0.16057
0.16192
0.16111
0.11117
0.14844
0.16486
0.14023
0.16637
0.11772
0.17459
0.13482
0.11118
0.13119
0.10985
0.16270
0.15521
0.14051
0.11170
0.14548
0.15842
0.14065
0.20245
0.20245
0.08023
0.17728
0.16061
0.15684
0.09467
0.12897
0.11928
0.11507
0.12008
0.11343
0.09214
0.14386
0.13481
0.12865
0.10827
0.12235
0.10135
0.09569
0.09635
0.09335
0.10611
0.14264
0.13333
0.17635
0.08415
0.12110
0.17201
0.16510
0.10632
0.08902
0.08365
0.13434
0.13336
0.09612
0.11644
0.10048
0.11964
0.10774
0.11487
0.11880
0.10364
0.15277
0.12413
0.13251
0.12761
0.08559
0.12761
0.14568
0.13199
0.10651
0.10232
0.16510
0.15487
0.10141
0.09414
0.10094
0.12027
0.09749
0.08742
0.11106
0.10409
0.16371
0.13002
0.10704
0.09421
0.10243
0.11964
0.08742
0.07371
0.08108
0.10714
0.12686
0.14354
0.12686
0.13292
0.12686
0.13671
0.18492
0.15731
0.16990
0.15733
0.14222
0.11805
0.13481
0.17542
0.13358
0.12220
0.19219
0.12168
0.20920
0.14709
0.10273
0.13234
0.11456
0.11405
0.17035
0.12413
0.13898
0.11590
0.10273
0.08849
0.10720
0.13513
0.10521
0.11017
0.07639
0.16630
0.13619
0.10987
0.09213
0.09139
0.15524
0.11315
0.08629
0.05399
0.13989
0.15231
0.14538
0.15382
0.12549
0.11399
0.10043
0.13842
0.09954
0.11644
0.08410
0.15697
0.13832
0.17128
0.10904
0.11930
0.16453
0.15697
0.19695
0.13463
0.11674
0.14097
0.08152
0.09108
0.10350
0.12191
0.17630
0.20451
0.21986
0.14616
0.18522
0.12766
0.16346
0.13430
0.12480
0.10597
0.14192
0.18413
0.12413
0.14192
0.12014
0.19764
0.18558
0.16387
0.11930
0.13438
0.16378
0.13154
0.11500
0.12693
0.14049
0.17187
0.20131
0.23997
0.13975
0.18222
0.20137
0.15219
0.12837
0.13789
0.18011
0.16448
0.17116
0.13891
0.12426
0.12413
0.21601
0.12877
0.17116
0.19484
0.23799
0.16964
0.11483
0.20237
0.12413
0.17539
0.16304
0.16499
0.21755
0.19264
0.25388
0.17497
0.20369
0.19880
0.15586
0.15718
0.21622
0.18222
0.23146
0.16035
0.19823
0.15219
0.18684
0.17918
0.21366
0.18792
0.15934
0.14403
0.17643
0.16001
0.28026
0.18630
0.12014
0.14278
0.13288
0.10698
0.19216
0.16752
0.13278
0.14490
0.14278
0.17918
0.12851
0.10396
0.12426
0.10588
0.17477
0.11930
0.18863
0.11640
0.13800
0.17951
0.17128
0.13212
0.12247
0.21166
0.18774
0.18611
0.18358
0.12480
0.16388
0.16497
0.09882
0.12921
0.09660
0.10337
0.16463
0.17400
0.15269
0.10597
0.12190
0.11289
0.11145
0.14523
0.10825
0.09347
0.12042
0.10698
0.14192
0.09555
0.13050
0.13637
0.13258
0.12090
0.12394
0.10698
0.14479
0.13577
0.10299
0.10305
0.10467
0.17012
0.11693
0.16284
0.13324
0.12236
0.16973
0.14233
0.15058
0.14920
0.14490
0.14902
0.16798
0.14920
0.10231
0.08700
0.15934
0.18011
0.11145
0.09590
0.09488
0.19941
0.14052
0.11254
0.09742
0.10283
0.17109
0.16153
0.13520
0.10350
0.09990
0.11436
0.09900
0.13324
0.12461
0.11936
0.17179
0.17732
0.14813
0.15896
0.12837
0.16242
0.16000
0.13258
0.13154
0.20156
0.18151
0.15142
0.14658
0.18449
0.13324
0.18455
0.18059
0.11469
0.22193
0.14174
0.17384
0.15737
0.16408
0.15586
0.16600
0.13258
0.10588
0.08976
0.12451
0.12943
0.13577
0.17495
0.13258
0.10811
0.10811
0.14389
0.12053
0.10825
0.08839
0.06606
0.12682
0.17543
0.12500
0.11989
0.14813
0.13975
0.14138
0.16310
0.12837
0.10597
0.13258
0.16153
0.11693
0.10913
0.07460
0.14020
0.14575
0.11304
0.11942
0.11683
0.14777
0.16884
0.15997
0.13282
0.13045
0.10774
0.11217
0.09236
0.09699
0.09854
0.14678
0.14581
0.16019
0.15997
0.13790
0.13543
0.19921
0.16165
0.12082
0.09324
0.12635
0.13359
0.13741
0.10210
0.11756
0.12441
0.08494
0.11378
0.12892
0.09809
0.10183
0.14116
0.12217
0.08924
0.11262
0.18307
0.12642
0.16165
0.12262
0.07206
0.17524
0.15726
0.13164
0.12814
0.10754
0.15186
0.13493
0.11244
0.09005
0.09440
0.15997
0.15129
0.15119
0.13899
0.11230
0.14960
0.11991
0.09584
0.13473
0.08729
0.14895
0.15186
0.10976
0.14629
0.13687
0.10774
0.13790
0.14329
0.14615
0.15753
0.18196
0.21080
0.20984
0.16490
0.20248
0.11714
0.21672
0.11806
0.21996
0.19241
0.14447
0.15119
0.13010
0.14133
0.12402
0.14714
0.15177
0.10847
0.09467
0.10371
0.16029
0.13380
0.12971
0.10934
0.10920
0.14293
0.15330
0.12413
0.12276
0.10801
0.16429
0.15461
0.11856
0.10748
0.12932
0.13826
0.16196
0.12728
0.09517
0.08066
0.14435
0.13500
0.13984
0.10229
0.10138
0.18566
0.12969
0.19193
0.13138
0.11217
0.14930
0.14440
0.14404
0.11666
0.13249
0.10811
0.11806
0.08558
0.09856
0.09108
0.11936
0.19621
0.14326
0.12310
0.16684
0.16434
0.17489
0.17459
0.14065
0.10352
0.12310
0.11966
0.12954
0.13015
0.11055
0.15545
0.11986
0.10748
0.09246
0.09674
0.10647
0.13574
0.11722
0.10799
0.10393
0.17024
0.17994
0.13608
0.07857
0.07335
0.15211
0.13359
0.14426
0.13030
0.11873
0.18067
0.14728
0.13314
0.10199
0.09201
0.14844
0.19038
0.18861
0.11858
0.10005
0.12028
0.12441
0.10668
0.09919
0.10101
0.13322
0.14196
0.13166
0.14959
0.14314
0.11363
0.15849
0.13889
0.13810
0.15957
0.15659
0.21749
0.15625
0.15263
0.14575
0.18903
0.13819
0.13964
0.23096
0.14870
0.13290
0.14629
0.13249
0.11904
0.11223
0.17186
0.17023
0.12801
0.10290
0.07973
0.13694
0.13492
0.15859
0.14042
0.11217
0.15224
0.14894
0.14534
0.13119
0.10956
0.11806
0.15971
0.16119
0.15859
0.12721
0.17163
0.17311
0.15734
0.19731
0.08886
0.22082
0.14426
0.13453
0.11264
0.11369
0.12054
0.10748
0.09235
0.08917
0.10808
0.13448
0.14037
0.14287
0.14388
0.10533
0.11806
0.11789
0.09674
0.11644
0.11108
0.17673
0.12750
0.16709
0.14232
0.10902
0.12801
0.15211
0.13500
0.11604
0.10039
0.12313
0.15279
0.13015
0.12893
0.09919
0.12310
0.12082
0.15279
0.09235
0.10748
0.16160
0.14287
0.13282
0.13179
0.09711
0.12948
0.13881
0.16512
0.08145
0.08420
0.11705
0.16556
0.15697
0.09697
0.10147
0.12939
0.14329
0.06929
0.09076
0.10431
0.11009
0.14388
0.09530
0.10774
0.11705
0.12297
0.12985
0.08676
0.10015
0.12677
0.13261
0.20896
0.12441
0.11000
0.11170
0.12729
0.13013
0.13560
0.15063
0.12995
0.17746
0.15697
0.17033
0.16091
0.18746
0.18490
0.17792
0.19429
0.22846
0.16002
0.14910
0.18417
0.16222
0.14107
0.17036
0.12473
0.14107
0.10719
0.10466
0.10842
0.13249
0.12797
0.12985
0.10875
0.09477
0.16445
0.14777
0.07883
0.10005
0.08322
0.09919
0.10638
0.11170
0.12202
0.11046
0.16637
0.16996
0.11033
0.08407
0.08452
0.16289
0.12878
0.10111
0.07883
0.08072
0.14467
0.12692
0.14853
0.14545
0.14081
0.11899
0.13402
0.16120
0.16516
0.12448
0.15272
0.13633
0.13849
0.11984
0.12051
0.12917
0.13223
0.14070
0.14242
0.17942
0.12963
0.17154
0.17518
0.12561
0.08787
0.12222
0.13597
0.09323
0.11536
0.10546
0.13223
0.13553
0.13393
0.10894
0.09696
0.15148
0.13864
0.09252
0.09993
0.11198
0.13532
0.16057
0.09450
0.08856
0.09830
0.17518
0.17511
0.11719
0.13989
0.10873
0.18813
0.15328
0.13251
0.14665
0.11143
0.18264
0.17803
0.16837
0.14309
0.14267
0.13251
0.16630
0.16949
0.11312
0.10680
0.14215
0.16169
0.18461
0.15596
0.14081
0.14232
0.11014
0.12118
0.16198
0.15131
0.16815
0.18699
0.17939
0.12070
0.23326
0.13308
0.19464
0.12006
0.27785
0.11427
0.10320
0.11901
0.12404
0.09272
0.12448
0.13702
0.15452
0.15677
0.12009
0.14683
0.17001
0.16430
0.14769
0.13165
0.15717
0.17676
0.18505
0.15725
0.15540
0.12251
0.13529
0.15622
0.14519
0.14484
0.10521
0.20243
0.18933
0.13670
0.16429
0.13383
0.18104
0.14380
0.12797
0.14177
0.09644
0.15185
0.13506
0.13095
0.11967
0.11369
0.15519
0.15897
0.12832
0.11885
0.11444
0.12310
0.12409
0.12491
0.10668
0.11756
0.17836
0.15292
0.13322
0.12083
0.10748
0.20916
0.13492
0.11444
0.15055
0.09735
0.13819
0.13029
0.10005
0.09711
0.11453
0.13950
0.15438
0.12179
0.11966
0.09653
0.16008
0.11416
0.11856
0.11152
0.13492
0.16637
0.19028
0.16434
0.11955
0.09108
0.14757
0.10758
0.14367
0.11072
0.14247
0.17300
0.12721
0.15002
0.09919
0.09537
0.16143
0.12397
0.12741
0.10229
0.13151
0.10458
0.14426
0.12878
0.09108
0.09108
0.16192
0.19439
0.16111
0.18215
0.13453
0.15263
0.14411
0.13942
0.14480
0.15041
0.12832
0.15519
0.14604
0.20795
0.14278
0.15971
0.20059
0.17635
0.26858
0.16837
0.14047
0.15788
0.14699
0.11108
0.20554
0.13453
0.12897
0.12721
0.10199
0.08167
0.13386
0.19661
0.15404
0.12922
0.12473
0.17873
0.11453
0.13015
0.10668
0.11604
0.18903
0.15165
0.12388
0.11770
0.12179
0.16427
0.18914
0.15849
0.15759
0.11188
0.14384
0.10668
0.13290
0.13695
0.16386
0.15166
0.10364
0.09916
0.10043
0.09849
0.11948
0.12143
0.10704
0.08634
0.10210
0.09139
0.08226
0.07341
0.09048
0.07371
0.13051
0.14386
0.12275
0.14363
0.11358
0.10929
0.12688
0.11234
0.07467
0.08961
0.12612
0.12684
0.10651
0.08559
0.09048
0.10006
0.08944
0.09757
0.09335
0.07407
0.15700
0.14194
0.12277
0.09314
0.09142
0.15564
0.13807
0.11644
0.09356
0.07538
0.14703
0.09948
0.11504
0.08485
0.08074
0.16911
0.12333
0.07675
0.07027
0.09803
0.14055
0.11730
0.12527
0.08074
0.09314
0.13615
0.09777
0.07268
0.09421
0.08013
0.13756
0.13683
0.14386
0.09810
0.12273
0.14451
0.13051
0.13619
0.12691
0.16056
0.14681
0.16710
0.17635
0.17668
0.12943
0.13406
0.16924
0.12958
0.22183
0.15166
0.12154
0.11034
0.10919
0.13567
0.16391
0.11049
0.12172
0.08272
0.08716
0.09335
0.12183
0.11824
0.11901
0.09216
0.10683
0.12802
0.12787
0.09335
0.07341
0.08407
0.17213
0.12804
0.12119
0.10243
0.12017
0.15353
0.13181
0.15445
0.12649
0.08716
0.14325
0.10006
0.09569
0.08634
0.09295
0.10644
0.17157
0.10842
0.10596
0.10848
0.15330
0.20782
0.13175
0.12349
0.09327
0.11872
0.08633
0.08995
0.09440
0.09014
0.14092
0.11393
0.15712
0.17078
0.13380
0.15083
0.12359
0.11729
0.11484
0.07929
0.11999
0.13984
0.07983
0.09479
0.09399
0.18367
0.12624
0.12525
0.09820
0.10754
0.12494
0.13914
0.12241
0.09327
0.08936
0.15164
0.16799
0.14376
0.08253
0.08549
0.16125
0.16799
0.12932
0.09327
0.07983
0.14658
0.14743
0.09452
0.07406
0.14120
0.14658
0.12692
0.14312
0.09559
0.11068
0.13134
0.10431
0.11942
0.08844
0.09803
0.13790
0.13506
0.11244
0.13282
0.14092
0.11304
0.12481
0.12241
0.13486
0.12052
0.13753
0.14572
0.18272
0.22845
0.14781
0.13642
0.16882
0.15309
0.22514
0.07681
0.13601
0.11495
0.11152
0.11685
0.09809
0.14529
0.14443
0.11244
0.08534
0.10468
0.13266
0.15688
0.12262
0.12839
0.12932
0.17280
0.13493
0.10707
0.09218
0.09272
0.13380
0.13486
0.08500
0.11463
0.09005
0.14658
0.13175
0.07246
0.09507
0.08100
0.12014
0.09809
0.11169
0.05915
0.11743
0.09192
0.11861
0.12535
0.12359
0.09716
0.15712
0.15000
0.16158
0.13687
0.10174
0.10183
0.10754
0.07135
0.11484
0.08729
0.12276
0.10842
0.11657
0.13123
0.08873
0.14953
0.15964
0.11431
0.08004
0.09324
0.12584
0.13535
0.11180
0.14120
0.12642
0.11999
0.12497
0.10124
0.09716
0.08100
0.11872
0.14356
0.11666
0.10223
0.08624
0.15202
0.16969
0.16003
0.10174
0.08193
0.14481
0.14312
0.11199
0.12692
0.09843
0.14411
0.17313
0.09272
0.11154
0.09674
0.17025
0.16372
0.13753
0.09610
0.08004
0.13486
0.13205
0.07143
0.11117
0.07825
0.13778
0.13655
0.14287
0.12814
0.12741
0.17660
0.14827
0.14827
0.14003
0.14142
0.13411
0.16389
0.14714
0.16019
0.14895
0.11666
0.17207
0.10801
0.22305
0.07825
0.13205
0.13753
0.13164
0.14895
0.11438
0.12741
0.12735
0.16403
0.10971
0.11109
0.18957
0.15391
0.11270
0.12577
0.10229
0.13175
0.10987
0.13578
0.10644
0.08100
0.14356
0.12880
0.12497
0.11304
0.09452
0.18303
0.14916
0.15721
0.10596
0.09854
0.17660
0.18367
0.10842
0.11169
0.09324
0.12366
0.13348
0.10338
0.10961
0.10000
0.16525
0.15505
0.15081
0.10774
0.10221
0.13673
0.07866
0.08947
0.09644
0.12690
0.10540
0.17562
0.14713
0.13985
0.11235
0.12331
0.10278
0.10854
0.10000
0.09479
0.11240
0.12016
0.09059
0.10362
0.10473
0.13529
0.14828
0.13272
0.11693
0.09756
0.11899
0.12725
0.10417
0.09495
0.08415
0.15613
0.15134
0.11693
0.10049
0.09904
0.14384
0.14841
0.11395
0.10241
0.09696
0.15510
0.12711
0.13413
0.10320
0.11180
0.18694
0.12793
0.15445
0.10833
0.08868
0.10666
0.11577
0.09037
0.10235
0.07788
0.14201
0.14677
0.12541
0.15764
0.11753
0.13140
0.13184
0.12845
0.13687
0.13020
0.13787
0.18118
0.16319
0.15411
0.13912
0.16968
0.16107
0.14212
0.20705
0.15473
0.14424
0.11832
0.12963
0.19458
0.21772
0.12404
0.14441
0.09143
0.10092
0.08619
0.15764
0.10724
0.13250
0.12793
0.12936
0.14769
0.12249
0.11294
0.13067
0.08044
0.16248
0.11198
0.10597
0.08878
0.10468
0.13251
0.15148
0.14743
0.14828
0.10607
0.15350
0.12168
0.11427
0.12201
0.14081
0.16506
0.13121
0.11495
0.10920
0.08145
0.16386
0.15392
0.19914
0.11467
0.14426
0.13029
0.08500
0.10800
0.11769
0.08100
0.15249
0.17906
0.16556
0.14507
0.13030
0.15563
0.13800
0.11399
0.09623
0.11075
0.12165
0.12801
0.14966
0.11806
0.10701
0.11046
0.14329
0.10956
0.10259
0.11495
0.10268
0.12599
0.13123
0.11328
0.09856
0.15469
0.18152
0.15422
0.09084
0.10229
0.14739
0.11444
0.11217
0.10811
0.15469
0.18510
0.11463
0.13794
0.11432
0.13123
0.16295
0.14534
0.16160
0.17254
0.14426
0.16241
0.11738
0.11046
0.10111
0.09809
0.13192
0.15111
0.12441
0.17209
0.17186
0.14042
0.16011
0.15583
0.13977
0.20793
0.16295
0.20277
0.16183
0.22492
0.14367
0.17746
0.16143
0.17323
0.23377
0.13560
0.15834
0.13765
0.16398
0.18481
0.20206
0.15094
0.12377
0.12696
0.10514
0.08282
0.14736
0.16605
0.14723
0.10506
0.10492
0.12939
0.13521
0.10382
0.10496
0.09108
0.18490
0.14830
0.10061
0.14388
0.12329
0.17524
0.19661
0.16398
0.18016
0.15822
0.15094
0.15697
0.12517
0.11009
0.11858
0.13790
0.18084
0.10111
0.11914
0.09467
0.16861
0.15461
0.14615
0.12535
0.11956
0.16200
0.12431
0.09235
0.10371
0.13040
0.13371
0.13282
0.16019
0.09856
0.10073
0.14646
0.15539
0.13694
0.14259
0.09401
0.15563
0.09744
0.09809
0.11914
0.10754
0.13543
0.09856
0.12195
0.12721
0.11999
0.14062
0.13166
0.12099
0.13227
0.11304
0.12721
0.15864
0.15097
0.09674
0.08661
0.12439
0.13767
0.10352
0.08009
0.10707
0.12135
0.13687
0.11170
0.09076
0.10707
0.17458
0.18545
0.11589
0.15264
0.09584
0.13826
0.13500
0.11956
0.09192
0.09735
0.16002
0.17663
0.17730
0.18905
0.16401
0.13790
0.13560
0.15870
0.15721
0.18112
0.17371
0.15734
0.16861
0.13330
0.14929
0.15219
0.19971
0.13270
0.17458
0.18075
0.13380
0.15087
0.13289
0.13867
0.16969
0.14895
0.16566
0.12655
0.14951
0.11942
0.10867
0.12997
0.12431
0.12750
0.10223
0.16092
0.14621
0.10256
0.08886
0.09584
0.16217
0.14312
0.12750
0.09192
0.08241
0.14020
0.19432
0.18444
0.13045
0.13826
0.13853
0.17996
0.12985
0.11169
0.12635
0.10069
0.10081
0.12027
0.10303
0.11091
0.12705
0.12458
0.13279
0.10006
0.08329
0.12367
0.07227
0.08856
0.10604
0.11536
0.14106
0.15939
0.12483
0.14548
0.10926
0.13772
0.14640
0.12397
0.09155
0.09524
0.11118
0.11143
0.09439
0.07906
0.11641
0.11171
0.11699
0.08190
0.10680
0.11624
0.11785
0.12853
0.10509
0.11784
0.08658
0.12444
0.12705
0.13673
0.08600
0.09194
0.16663
0.13554
0.14177
0.10680
0.09377
0.11541
0.10977
0.10905
0.09756
0.10885
0.15270
0.09777
0.15430
0.13449
0.10372
0.11270
0.10372
0.09696
0.11805
0.11057
0.16383
0.15388
0.13864
0.13328
0.15385
0.14037
0.11961
0.11733
0.14210
0.16248
0.15112
0.15908
0.16248
0.14253
0.16352
0.11753
0.14700
0.13393
0.26215
0.12222
0.10948
0.12165
0.11270
0.15761
0.17345
0.13449
0.12549
0.10320
0.10001
0.10521
0.15202
0.15328
0.12817
0.09981
0.10873
0.11080
0.16348
0.11413
0.09495
0.08466
0.12518
0.13980
0.13279
0.09316
0.10102
0.17468
0.12513
0.15677
0.15360
0.09858
0.15499
0.12448
0.10000
0.08008
0.09664
0.19642
0.15539
0.15186
0.09507
0.09559
0.12082
0.14895
0.14764
0.11869
0.12135
0.15461
0.07696
0.09920
0.09854
0.07514
0.20340
0.16988
0.13468
0.15345
0.15019
0.17124
0.16267
0.15461
0.12814
0.09005
0.10719
0.08886
0.12022
0.08145
0.08886
0.14376
0.13980
0.12693
0.13309
0.10707
0.12172
0.12014
0.10210
0.09716
0.11378
0.13826
0.14287
0.11688
0.12208
0.08067
0.14051
0.16899
0.11467
0.13431
0.11399
0.16809
0.17342
0.12721
0.10138
0.09245
0.12721
0.16403
0.18389
0.14615
0.08676
0.16899
0.10754
0.09196
0.09716
0.11393
0.17186
0.13695
0.15087
0.11688
0.13948
0.10492
0.13667
0.11552
0.18436
0.11581
0.15834
0.19768
0.22631
0.14191
0.26329
0.15944
0.22057
0.13671
0.25503
0.13966
0.16829
0.17498
0.18016
0.16823
0.17292
0.15422
0.14496
0.16749
0.10113
0.10074
0.13371
0.13767
0.11589
0.14861
0.10956
0.12693
0.11463
0.10707
0.10754
0.09430
0.14678
0.16313
0.17689
0.10325
0.11033
0.13810
0.14010
0.15416
0.14411
0.10754
0.16959
0.13741
0.12168
0.08671
0.09430
0.13863
0.09850
0.11051
0.09365
0.08634
0.16180
0.12213
0.14196
0.11055
0.09948
0.12489
0.10290
0.08515
0.09584
0.12283
0.14418
0.15498
0.17008
0.13007
0.13942
0.15088
0.12650
0.10811
0.12631
0.10088
0.13163
0.12397
0.12116
0.13805
0.12840
0.11380
0.10603
0.12631
0.11904
0.10283
0.15088
0.12640
0.12968
0.12438
0.11490
0.15142
0.15088
0.14723
0.10447
0.10088
0.16896
0.15440
0.14697
0.08196
0.12256
0.12995
0.11631
0.09079
0.09612
0.12106
0.10913
0.12351
0.10537
0.08826
0.10015
0.12995
0.10603
0.08023
0.08560
0.11097
0.16841
0.13497
0.17120
0.18103
0.12256
0.16134
0.18729
0.13608
0.12560
0.15694
0.13996
0.18288
0.13459
0.13880
0.24435
0.10202
0.18428
0.15901
0.28506
0.18492
0.17676
0.14338
0.11904
0.17586
0.18138
0.17413
0.12445
0.10201
0.11264
0.11631
0.16758
0.11290
0.09227
0.10647
0.12741
0.12256
0.10830
0.05681
0.08448
0.11097
0.12800
0.16047
0.12116
0.13721
0.10189
0.13198
0.14628
0.14278
0.12144
0.10690
0.11862
0.10447
0.09037
0.08858
0.11140
0.11967
0.15186
0.13950
0.11530
0.11369
0.15930
0.17826
0.13695
0.10199
0.13314
0.15010
0.13608
0.10290
0.10358
0.07677
0.18135
0.20601
0.13942
0.15466
0.13574
0.16111
0.14164
0.14779
0.09464
0.12653
0.13076
0.12832
0.15379
0.13029
0.13138
0.13881
0.13574
0.13393
0.10514
0.13290
0.11749
0.13084
0.12741
0.09729
0.09314
0.14699
0.13497
0.14952
0.12594
0.09035
0.17967
0.12445
0.12083
0.13950
0.11862
0.12256
0.10913
0.10593
0.10130
0.08217
0.14440
0.14775
0.12943
0.11453
0.12653
0.10959
0.10176
0.10514
0.10956
0.08575
0.16660
0.15901
0.16632
0.18490
0.13119
0.16427
0.14680
0.19282
0.17568
0.18953
0.14278
0.19156
0.21511
0.18953
0.24833
0.12653
0.21331
0.14604
0.26820
0.16758
0.15545
0.13511
0.16828
0.15530
0.13656
0.12959
0.10581
0.10476
0.10496
0.11530
0.15724
0.14314
0.14278
0.13084
0.10199
0.17617
0.11055
0.10799
0.09744
0.09707
0.14617
0.11380
0.12489
0.13029
0.12351
0.17520
0.19439
0.18415
0.14024
0.09781
0.12840
0.14537
0.15088
0.11671
0.12028
0.10799
0.09037
0.12905
0.10514
0.13290
0.15303
0.18680
0.10668
0.10949
0.09968
0.09897
0.11369
0.12653
0.11691
0.13249
0.12813
0.15466
0.18749
0.14959
0.12519
0.14699
0.10176
0.10598
0.11530
0.11369
0.15226
0.12501
0.12840
0.14426
0.15459
0.11453
0.15724
0.14523
0.14885
0.14196
0.13942
0.14134
0.13497
0.15823
0.16641
0.16434
0.13880
0.12832
0.12314
0.13029
0.12868
0.13574
0.15827
0.11108
0.14426
0.18679
0.16737
0.14779
0.15459
0.15226
0.14952
0.15010
0.20601
0.16310
0.23570
0.13694
0.15945
0.07847
0.11631
0.12445
0.16938
0.15196
0.16306
0.20398
0.23167
0.26820
0.16000
0.20595
0.16888
0.16730
0.15897
0.17732
0.16702
0.15930
0.12640
0.15849
0.14080
0.17319
0.23661
0.16938
0.20138
0.10959
0.14404
0.15713
0.13619
0.14959
0.09537
0.10758
0.09093
0.09850
0.11557
0.13608
0.12122
0.18628
0.17116
0.13084
0.09340
0.17967
0.10130
0.11691
0.17042
0.15404
0.11601
0.12905
0.13007
0.14065
0.16947
0.11770
0.16730
0.15901
0.13964
0.12696
0.14617
0.15459
0.14047
